-0.70	0.72
-1.40	1.42
-2.11	2.13
-2.82	2.84
-3.53	3.55
-4.23	4.25
-0.69	0.73
-1.39	1.43
-2.10	2.14
-2.81	2.85
-3.52	3.56
-4.22	4.26
-0.68	0.74
-1.38	1.44
-2.09	2.15
-2.80	2.86
-3.51	3.57
-4.21	4.27
-0.67	0.74
-1.37	1.45
-2.08	2.16
-2.79	2.87
-3.50	3.58
-4.20	4.28
-0.66	0.75
-1.36	1.46
-2.07	2.17
-2.78	2.88
-3.49	3.58
-4.19	4.29
-0.65	0.76
-1.35	1.47
-2.06	2.18
-2.77	2.89
-3.48	3.59
-4.18	4.30
-0.64	0.77
-1.34	1.48
-2.05	2.19
-2.76	2.90
-3.47	3.60
-4.17	4.31
-0.63	0.78
-1.33	1.49
-2.04	2.20
-2.75	2.91
-3.46	3.61
-4.16	4.32
-0.62	0.79
-1.32	1.50
-2.03	2.21
-2.74	2.92
-3.45	3.62
-4.15	4.33
-0.61	0.79
-1.31	1.51
-2.02	2.22
-2.73	2.93
-3.44	3.63
-4.14	4.34
-0.60	0.80
-1.30	1.52
-2.01	2.23
-2.72	2.93
-3.43	3.64
-4.13	4.35
-0.59	0.81
-1.29	1.52
-2.00	2.23
-2.71	2.94
-3.42	3.65
-4.12	4.36
-0.58	0.82
-1.28	1.53
-1.99	2.24
-2.70	2.95
-3.41	3.66
-4.11	4.37
-0.57	0.82
-1.27	1.54
-1.98	2.25
-2.69	2.96
-3.40	3.67
-4.10	4.38
-0.56	0.83
-1.26	1.55
-1.97	2.26
-2.68	2.97
-3.39	3.68
-4.09	4.39
-0.55	0.84
-1.25	1.56
-1.96	2.27
-2.67	2.98
-3.38	3.69
-4.08	4.40
-0.54	0.84
-1.24	1.57
-1.95	2.28
-2.66	2.99
-3.37	3.70
-4.07	4.41
-0.53	0.85
-1.23	1.57
-1.94	2.29
-2.65	3.00
-3.36	3.71
-4.06	4.42
-0.52	0.86
-1.22	1.58
-1.93	2.30
-2.64	3.01
-3.35	3.72
-4.05	4.42
-0.51	0.86
-1.21	1.59
-1.92	2.30
-2.63	3.02
-3.34	3.72
-4.04	4.43
-0.50	0.87
-1.20	1.60
-1.91	2.31
-2.62	3.02
-3.33	3.73
-4.03	4.44
-0.49	0.87
-1.19	1.60
-1.90	2.32
-2.61	3.03
-3.32	3.74
-4.02	4.45
-0.48	0.88
-1.18	1.61
-1.89	2.33
-2.60	3.04
-3.31	3.75
-4.01	4.46
-0.47	0.88
-1.17	1.62
-1.88	2.34
-2.59	3.05
-3.30	3.76
-4.00	4.47
-0.46	0.89
-1.16	1.63
-1.87	2.34
-2.58	3.06
-3.29	3.77
-3.99	4.48
-0.45	0.89
-1.15	1.63
-1.86	2.35
-2.57	3.07
-3.28	3.78
-3.98	4.49
-0.44	0.90
-1.14	1.64
-1.85	2.36
-2.56	3.07
-3.27	3.79
-3.97	4.50
-0.43	0.90
-1.13	1.65
-1.84	2.37
-2.55	3.08
-3.26	3.79
-3.96	4.51
-0.42	0.91
-1.12	1.65
-1.83	2.38
-2.54	3.09
-3.25	3.80
-3.95	4.51
-0.41	0.91
-1.11	1.66
-1.82	2.38
-2.53	3.10
-3.24	3.81
-3.94	4.52
-0.40	0.92
-1.10	1.67
-1.81	2.39
-2.52	3.11
-3.23	3.82
-3.93	4.53
-0.39	0.92
-1.09	1.67
-1.80	2.40
-2.51	3.12
-3.22	3.83
-3.92	4.54
-0.38	0.93
-1.08	1.68
-1.79	2.41
-2.50	3.12
-3.21	3.84
-3.91	4.55
-0.37	0.93
-1.07	1.69
-1.78	2.41
-2.49	3.13
-3.20	3.85
-3.90	4.56
-0.36	0.93
-1.06	1.69
-1.77	2.42
-2.48	3.14
-3.19	3.85
-3.89	4.57
-0.35	0.94
-1.05	1.70
-1.76	2.43
-2.47	3.15
-3.18	3.86
-3.88	4.57
-0.34	0.94
-1.04	1.71
-1.75	2.44
-2.46	3.16
-3.17	3.87
-3.87	4.58
-0.33	0.94
-1.03	1.71
-1.74	2.44
-2.45	3.16
-3.16	3.88
-3.86	4.59
-0.32	0.95
-1.02	1.72
-1.73	2.45
-2.44	3.17
-3.15	3.89
-3.85	4.60
-0.31	0.95
-1.01	1.72
-1.72	2.46
-2.43	3.18
-3.14	3.89
-3.84	4.61
-0.30	0.95
-1.00	1.73
-1.71	2.46
-2.42	3.19
-3.13	3.90
-3.83	4.62
-0.29	0.96
-0.99	1.74
-1.70	2.47
-2.41	3.19
-3.12	3.91
-3.82	4.62
-0.28	0.96
-0.98	1.74
-1.69	2.48
-2.40	3.20
-3.11	3.92
-3.81	4.63
-0.27	0.96
-0.97	1.75
-1.68	2.48
-2.39	3.21
-3.10	3.93
-3.80	4.64
-0.26	0.97
-0.96	1.75
-1.67	2.49
-2.38	3.22
-3.09	3.93
-3.79	4.65
-0.25	0.97
-0.95	1.76
-1.66	2.50
-2.37	3.22
-3.08	3.94
-3.78	4.66
-0.24	0.97
-0.94	1.76
-1.65	2.50
-2.36	3.23
-3.07	3.95
-3.77	4.67
-0.23	0.97
-0.93	1.77
-1.64	2.51
-2.35	3.24
-3.06	3.96
-3.76	4.67
-0.22	0.98
-0.92	1.77
-1.63	2.52
-2.34	3.25
-3.05	3.97
-3.75	4.68
-0.21	0.98
-0.91	1.78
-1.62	2.52
-2.33	3.25
-3.04	3.97
-3.74	4.69
-0.20	0.98
-0.90	1.78
-1.61	2.53
-2.32	3.26
-3.03	3.98
-3.73	4.70
-0.19	0.98
-0.89	1.79
-1.60	2.54
-2.31	3.27
-3.02	3.99
-3.72	4.71
-0.18	0.98
-0.88	1.79
-1.59	2.54
-2.30	3.27
-3.01	4.00
-3.71	4.71
-0.17	0.99
-0.87	1.80
-1.58	2.55
-2.29	3.28
-3.00	4.00
-3.70	4.72
-0.16	0.99
-0.86	1.80
-1.57	2.56
-2.28	3.29
-2.99	4.01
-3.69	4.73
-0.15	0.99
-0.85	1.81
-1.56	2.56
-2.27	3.29
-2.98	4.02
-3.68	4.74
-0.14	0.99
-0.84	1.81
-1.55	2.57
-2.26	3.30
-2.97	4.03
-3.67	4.74
-0.13	0.99
-0.83	1.82
-1.54	2.57
-2.25	3.31
-2.96	4.03
-3.66	4.75
-0.12	0.99
-0.82	1.82
-1.53	2.58
-2.24	3.32
-2.95	4.04
-3.65	4.76
-0.11	0.99
-0.81	1.83
-1.52	2.59
-2.23	3.32
-2.94	4.05
-3.64	4.77
-0.10	1.00
-0.80	1.83
-1.51	2.59
-2.22	3.33
-2.93	4.05
-3.63	4.78
-0.09	1.00
-0.79	1.84
-1.50	2.60
-2.21	3.34
-2.92	4.06
-3.62	4.78
-0.08	1.00
-0.78	1.84
-1.49	2.60
-2.20	3.34
-2.91	4.07
-3.61	4.79
-0.07	1.00
-0.77	1.84
-1.48	2.61
-2.19	3.35
-2.90	4.08
-3.60	4.80
-0.06	1.00
-0.76	1.85
-1.47	2.61
-2.18	3.35
-2.89	4.08
-3.59	4.81
-0.05	1.00
-0.75	1.85
-1.46	2.62
-2.17	3.36
-2.88	4.09
-3.58	4.81
-0.04	1.00
-0.74	1.86
-1.45	2.63
-2.16	3.37
-2.87	4.10
-3.57	4.82
-0.03	1.00
-0.73	1.86
-1.44	2.63
-2.15	3.37
-2.86	4.10
-3.56	4.83
-0.02	1.00
-0.72	1.86
-1.43	2.64
-2.14	3.38
-2.85	4.11
-3.55	4.84
-0.01	1.00
-0.71	1.87
-1.42	2.64
-2.13	3.39
-2.84	4.12
-3.54	4.84
0.00	1.00
-0.70	1.87
-1.41	2.65
-2.12	3.39
-2.83	4.13
-3.53	4.85
0.01	1.00
-0.69	1.88
-1.40	2.65
-2.11	3.40
-2.82	4.13
-3.52	4.86
0.02	1.00
-0.68	1.88
-1.39	2.66
-2.10	3.41
-2.81	4.14
-3.51	4.86
0.03	1.00
-0.67	1.88
-1.38	2.66
-2.09	3.41
-2.80	4.15
-3.50	4.87
0.04	1.00
-0.66	1.89
-1.37	2.67
-2.08	3.42
-2.79	4.15
-3.49	4.88
0.05	1.00
-0.65	1.89
-1.36	2.67
-2.07	3.42
-2.78	4.16
-3.48	4.89
0.06	1.00
-0.64	1.89
-1.35	2.68
-2.06	3.43
-2.77	4.17
-3.47	4.89
0.07	1.00
-0.63	1.90
-1.34	2.68
-2.05	3.44
-2.76	4.17
-3.46	4.90
0.08	1.00
-0.62	1.90
-1.33	2.69
-2.04	3.44
-2.75	4.18
-3.45	4.91
0.09	1.00
-0.61	1.90
-1.32	2.69
-2.03	3.45
-2.74	4.19
-3.44	4.91
0.10	0.99
-0.60	1.91
-1.31	2.70
-2.02	3.45
-2.73	4.19
-3.43	4.92
0.11	0.99
-0.59	1.91
-1.30	2.70
-2.01	3.46
-2.72	4.20
-3.42	4.93
0.12	0.99
-0.58	1.91
-1.29	2.71
-2.00	3.47
-2.71	4.20
-3.41	4.93
0.13	0.99
-0.57	1.92
-1.28	2.71
-1.99	3.47
-2.70	4.21
-3.40	4.94
0.14	0.99
-0.56	1.92
-1.27	2.72
-1.98	3.48
-2.69	4.22
-3.39	4.95
0.15	0.99
-0.55	1.92
-1.26	2.72
-1.97	3.48
-2.68	4.22
-3.38	4.96
0.16	0.99
-0.54	1.92
-1.25	2.73
-1.96	3.49
-2.67	4.23
-3.37	4.96
0.17	0.98
-0.53	1.93
-1.24	2.73
-1.95	3.49
-2.66	4.24
-3.36	4.97
0.18	0.98
-0.52	1.93
-1.23	2.74
-1.94	3.50
-2.65	4.24
-3.35	4.98
0.19	0.98
-0.51	1.93
-1.22	2.74
-1.93	3.50
-2.64	4.25
-3.34	4.98
0.20	0.98
-0.50	1.94
-1.21	2.74
-1.92	3.51
-2.63	4.26
-3.33	4.99
0.21	0.98
-0.49	1.94
-1.20	2.75
-1.91	3.52
-2.62	4.26
-3.32	5.00
0.22	0.97
-0.48	1.94
-1.19	2.75
-1.90	3.52
-2.61	4.27
-3.31	5.00
0.23	0.97
-0.47	1.94
-1.18	2.76
-1.89	3.53
-2.60	4.27
-3.30	5.01
0.24	0.97
-0.46	1.95
-1.17	2.76
-1.88	3.53
-2.59	4.28
-3.29	5.02
0.25	0.97
-0.45	1.95
-1.16	2.77
-1.87	3.54
-2.58	4.29
-3.28	5.02
0.26	0.96
-0.44	1.95
-1.15	2.77
-1.86	3.54
-2.57	4.29
-3.27	5.03
0.27	0.96
-0.43	1.95
-1.14	2.77
-1.85	3.55
-2.56	4.30
-3.26	5.04
0.28	0.96
-0.42	1.95
-1.13	2.78
-1.84	3.55
-2.55	4.30
-3.25	5.04
0.29	0.96
-0.41	1.96
-1.12	2.78
-1.83	3.56
-2.54	4.31
-3.24	5.05
0.30	0.95
-0.40	1.96
-1.11	2.79
-1.82	3.56
-2.53	4.32
-3.23	5.05
0.31	0.95
-0.39	1.96
-1.10	2.79
-1.81	3.57
-2.52	4.32
-3.22	5.06
0.32	0.95
-0.38	1.96
-1.09	2.79
-1.80	3.57
-2.51	4.33
-3.21	5.07
0.33	0.94
-0.37	1.96
-1.08	2.80
-1.79	3.58
-2.50	4.33
-3.20	5.07
0.34	0.94
-0.36	1.97
-1.07	2.80
-1.78	3.58
-2.49	4.34
-3.19	5.08
0.35	0.94
-0.35	1.97
-1.06	2.81
-1.77	3.59
-2.48	4.34
-3.18	5.09
0.36	0.93
-0.34	1.97
-1.05	2.81
-1.76	3.59
-2.47	4.35
-3.17	5.09
0.37	0.93
-0.33	1.97
-1.04	2.81
-1.75	3.60
-2.46	4.36
-3.16	5.10
0.38	0.92
-0.32	1.97
-1.03	2.82
-1.74	3.60
-2.45	4.36
-3.15	5.10
0.39	0.92
-0.31	1.98
-1.02	2.82
-1.73	3.61
-2.44	4.37
-3.14	5.11
0.40	0.92
-0.30	1.98
-1.01	2.82
-1.72	3.61
-2.43	4.37
-3.13	5.12
0.41	0.91
-0.29	1.98
-1.00	2.83
-1.71	3.62
-2.42	4.38
-3.12	5.12
0.42	0.91
-0.28	1.98
-0.99	2.83
-1.70	3.62
-2.41	4.38
-3.11	5.13
0.43	0.90
-0.27	1.98
-0.98	2.83
-1.69	3.63
-2.40	4.39
-3.10	5.14
0.44	0.90
-0.26	1.98
-0.97	2.84
-1.68	3.63
-2.39	4.39
-3.09	5.14
0.45	0.89
-0.25	1.98
-0.96	2.84
-1.67	3.64
-2.38	4.40
-3.08	5.15
0.46	0.89
-0.24	1.99
-0.95	2.85
-1.66	3.64
-2.37	4.41
-3.07	5.15
0.47	0.88
-0.23	1.99
-0.94	2.85
-1.65	3.64
-2.36	4.41
-3.06	5.16
0.48	0.88
-0.22	1.99
-0.93	2.85
-1.64	3.65
-2.35	4.42
-3.05	5.17
0.49	0.87
-0.21	1.99
-0.92	2.86
-1.63	3.65
-2.34	4.42
-3.04	5.17
0.50	0.86
-0.20	1.99
-0.91	2.86
-1.62	3.66
-2.33	4.43
-3.03	5.18
0.51	0.86
-0.19	1.99
-0.90	2.86
-1.61	3.66
-2.32	4.43
-3.02	5.18
0.52	0.85
-0.18	1.99
-0.89	2.86
-1.60	3.67
-2.31	4.44
-3.01	5.19
0.53	0.85
-0.17	1.99
-0.88	2.87
-1.59	3.67
-2.30	4.44
-3.00	5.19
0.54	0.84
-0.16	1.99
-0.87	2.87
-1.58	3.68
-2.29	4.45
-2.99	5.20
0.55	0.83
-0.15	1.99
-0.86	2.87
-1.57	3.68
-2.28	4.45
-2.98	5.21
0.56	0.83
-0.14	1.99
-0.85	2.88
-1.56	3.68
-2.27	4.46
-2.97	5.21
0.57	0.82
-0.13	2.00
-0.84	2.88
-1.55	3.69
-2.26	4.46
-2.96	5.22
0.58	0.81
-0.12	2.00
-0.83	2.88
-1.54	3.69
-2.25	4.47
-2.95	5.22
0.59	0.81
-0.11	2.00
-0.82	2.89
-1.53	3.70
-2.24	4.47
-2.94	5.23
0.60	0.80
-0.10	2.00
-0.81	2.89
-1.52	3.70
-2.23	4.48
-2.93	5.23
0.61	0.79
-0.09	2.00
-0.80	2.89
-1.51	3.70
-2.22	4.48
-2.92	5.24
0.62	0.78
-0.08	2.00
-0.79	2.89
-1.50	3.71
-2.21	4.49
-2.91	5.25
0.63	0.77
-0.07	2.00
-0.78	2.90
-1.49	3.71
-2.20	4.49
-2.90	5.25
0.64	0.77
-0.06	2.00
-0.77	2.90
-1.48	3.72
-2.19	4.50
-2.89	5.26
0.65	0.76
-0.05	2.00
-0.76	2.90
-1.47	3.72
-2.18	4.50
-2.88	5.26
0.66	0.75
-0.04	2.00
-0.75	2.90
-1.46	3.72
-2.17	4.51
-2.87	5.27
0.67	0.74
-0.03	2.00
-0.74	2.91
-1.45	3.73
-2.16	4.51
-2.86	5.27
0.68	0.73
-0.02	2.00
-0.73	2.91
-1.44	3.73
-2.15	4.52
-2.85	5.28
0.69	0.72
-0.01	2.00
-0.72	2.91
-1.43	3.74
-2.14	4.52
-2.84	5.28
0.70	0.71
-0.00	2.00
-0.71	2.91
-1.42	3.74
-2.13	4.53
-2.83	5.29
0.71	0.70
0.01	2.00
-0.70	2.92
-1.41	3.74
-2.12	4.53
-2.82	5.29
0.70	0.71
0.02	2.00
-0.69	2.92
-1.40	3.75
-2.11	4.54
-2.81	5.30
0.69	0.72
0.03	2.00
-0.68	2.92
-1.39	3.75
-2.10	4.54
-2.80	5.31
0.68	0.73
0.04	2.00
-0.67	2.92
-1.38	3.75
-2.09	4.54
-2.79	5.31
0.67	0.74
0.05	2.00
-0.66	2.93
-1.37	3.76
-2.08	4.55
-2.78	5.32
0.66	0.75
0.06	2.00
-0.65	2.93
-1.36	3.76
-2.07	4.55
-2.77	5.32
0.65	0.76
0.07	2.00
-0.64	2.93
-1.35	3.77
-2.06	4.56
-2.76	5.33
0.64	0.77
0.08	2.00
-0.63	2.93
-1.34	3.77
-2.05	4.56
-2.75	5.33
0.63	0.77
0.09	2.00
-0.62	2.93
-1.33	3.77
-2.04	4.57
-2.74	5.34
0.62	0.78
0.10	2.00
-0.61	2.94
-1.32	3.78
-2.03	4.57
-2.73	5.34
0.61	0.79
0.11	2.00
-0.60	2.94
-1.31	3.78
-2.02	4.58
-2.72	5.35
0.60	0.80
0.12	2.00
-0.59	2.94
-1.30	3.78
-2.01	4.58
-2.71	5.35
0.59	0.81
0.13	2.00
-0.58	2.94
-1.29	3.79
-2.00	4.58
-2.70	5.36
0.58	0.81
0.14	2.00
-0.57	2.95
-1.28	3.79
-1.99	4.59
-2.69	5.36
0.57	0.82
0.15	1.99
-0.56	2.95
-1.27	3.79
-1.98	4.59
-2.68	5.37
0.56	0.83
0.16	1.99
-0.55	2.95
-1.26	3.80
-1.97	4.60
-2.67	5.37
0.55	0.83
0.17	1.99
-0.54	2.95
-1.25	3.80
-1.96	4.60
-2.66	5.38
0.54	0.84
0.18	1.99
-0.53	2.95
-1.24	3.80
-1.95	4.61
-2.65	5.38
0.53	0.85
0.19	1.99
-0.52	2.95
-1.23	3.81
-1.94	4.61
-2.64	5.39
0.52	0.85
0.20	1.99
-0.51	2.96
-1.22	3.81
-1.93	4.61
-2.63	5.39
0.51	0.86
0.21	1.99
-0.50	2.96
-1.21	3.81
-1.92	4.62
-2.62	5.40
0.50	0.86
0.22	1.99
-0.49	2.96
-1.20	3.82
-1.91	4.62
-2.61	5.40
0.49	0.87
0.23	1.99
-0.48	2.96
-1.19	3.82
-1.90	4.63
-2.60	5.41
0.48	0.88
0.24	1.99
-0.47	2.96
-1.18	3.82
-1.89	4.63
-2.59	5.41
0.47	0.88
0.25	1.98
-0.46	2.96
-1.17	3.83
-1.88	4.63
-2.58	5.42
0.46	0.89
0.26	1.98
-0.45	2.97
-1.16	3.83
-1.87	4.64
-2.57	5.42
0.45	0.89
0.27	1.98
-0.44	2.97
-1.15	3.83
-1.86	4.64
-2.56	5.43
0.44	0.90
0.28	1.98
-0.43	2.97
-1.14	3.83
-1.85	4.65
-2.55	5.43
0.43	0.90
0.29	1.98
-0.42	2.97
-1.13	3.84
-1.84	4.65
-2.54	5.43
0.42	0.91
0.30	1.98
-0.41	2.97
-1.12	3.84
-1.83	4.65
-2.53	5.44
0.41	0.91
0.31	1.98
-0.40	2.97
-1.11	3.84
-1.82	4.66
-2.52	5.44
0.40	0.92
0.32	1.97
-0.39	2.97
-1.10	3.85
-1.81	4.66
-2.51	5.45
0.39	0.92
0.33	1.97
-0.38	2.98
-1.09	3.85
-1.80	4.67
-2.50	5.45
0.38	0.92
0.34	1.97
-0.37	2.98
-1.08	3.85
-1.79	4.67
-2.49	5.46
0.37	0.93
0.35	1.97
-0.36	2.98
-1.07	3.85
-1.78	4.67
-2.48	5.46
0.36	0.93
0.36	1.97
-0.35	2.98
-1.06	3.86
-1.77	4.68
-2.47	5.47
0.35	0.94
0.37	1.97
-0.34	2.98
-1.05	3.86
-1.76	4.68
-2.46	5.47
0.34	0.94
0.38	1.96
-0.33	2.98
-1.04	3.86
-1.75	4.69
-2.45	5.48
0.33	0.94
0.39	1.96
-0.32	2.98
-1.03	3.87
-1.74	4.69
-2.44	5.48
0.32	0.95
0.40	1.96
-0.31	2.98
-1.02	3.87
-1.73	4.69
-2.43	5.48
0.31	0.95
0.41	1.96
-0.30	2.98
-1.01	3.87
-1.72	4.70
-2.42	5.49
0.30	0.95
0.42	1.96
-0.29	2.99
-1.00	3.87
-1.71	4.70
-2.41	5.49
0.29	0.96
0.43	1.95
-0.28	2.99
-0.99	3.88
-1.70	4.70
-2.40	5.50
0.28	0.96
0.44	1.95
-0.27	2.99
-0.98	3.88
-1.69	4.71
-2.39	5.50
0.27	0.96
0.45	1.95
-0.26	2.99
-0.97	3.88
-1.68	4.71
-2.38	5.51
0.26	0.96
0.46	1.95
-0.25	2.99
-0.96	3.88
-1.67	4.71
-2.37	5.51
0.25	0.97
0.47	1.95
-0.24	2.99
-0.95	3.89
-1.66	4.72
-2.36	5.52
0.24	0.97
0.48	1.94
-0.23	2.99
-0.94	3.89
-1.65	4.72
-2.35	5.52
0.23	0.97
0.49	1.94
-0.22	2.99
-0.93	3.89
-1.64	4.72
-2.34	5.52
0.22	0.97
0.50	1.94
-0.21	2.99
-0.92	3.89
-1.63	4.73
-2.33	5.53
0.21	0.98
0.51	1.93
-0.20	2.99
-0.91	3.90
-1.62	4.73
-2.32	5.53
0.20	0.98
0.52	1.93
-0.19	2.99
-0.90	3.90
-1.61	4.74
-2.31	5.54
0.19	0.98
0.53	1.93
-0.18	2.99
-0.89	3.90
-1.60	4.74
-2.30	5.54
0.18	0.98
0.54	1.93
-0.17	3.00
-0.88	3.90
-1.59	4.74
-2.29	5.54
0.17	0.98
0.55	1.92
-0.16	3.00
-0.87	3.90
-1.58	4.75
-2.28	5.55
0.16	0.99
0.56	1.92
-0.15	3.00
-0.86	3.91
-1.57	4.75
-2.27	5.55
0.15	0.99
0.57	1.92
-0.14	3.00
-0.85	3.91
-1.56	4.75
-2.26	5.56
0.14	0.99
0.58	1.92
-0.13	3.00
-0.84	3.91
-1.55	4.76
-2.25	5.56
0.13	0.99
0.59	1.91
-0.12	3.00
-0.83	3.91
-1.54	4.76
-2.24	5.57
0.12	0.99
0.60	1.91
-0.11	3.00
-0.82	3.92
-1.53	4.76
-2.23	5.57
0.11	0.99
0.61	1.91
-0.10	3.00
-0.81	3.92
-1.52	4.76
-2.22	5.57
0.10	0.99
0.62	1.90
-0.09	3.00
-0.80	3.92
-1.51	4.77
-2.21	5.58
0.09	1.00
0.63	1.90
-0.08	3.00
-0.79	3.92
-1.50	4.77
-2.20	5.58
0.08	1.00
0.64	1.90
-0.07	3.00
-0.78	3.92
-1.49	4.77
-2.19	5.59
0.07	1.00
0.65	1.89
-0.06	3.00
-0.77	3.93
-1.48	4.78
-2.18	5.59
0.06	1.00
0.66	1.89
-0.05	3.00
-0.76	3.93
-1.47	4.78
-2.17	5.59
0.05	1.00
0.67	1.89
-0.04	3.00
-0.75	3.93
-1.46	4.78
-2.16	5.60
0.04	1.00
0.68	1.88
-0.03	3.00
-0.74	3.93
-1.45	4.79
-2.15	5.60
0.03	1.00
0.69	1.88
-0.02	3.00
-0.73	3.93
-1.44	4.79
-2.14	5.60
0.02	1.00
0.70	1.88
-0.01	3.00
-0.72	3.93
-1.43	4.79
-2.13	5.61
0.01	1.00
0.71	1.87
-0.00	3.00
-0.71	3.94
-1.42	4.80
-2.12	5.61
0.00	1.00
0.72	1.87
0.01	3.00
-0.70	3.94
-1.41	4.80
-2.11	5.62
-0.01	1.00
0.73	1.86
0.02	3.00
-0.69	3.94
-1.40	4.80
-2.10	5.62
-0.02	1.00
0.74	1.86
0.03	3.00
-0.68	3.94
-1.39	4.80
-2.09	5.62
-0.03	1.00
0.75	1.86
0.04	3.00
-0.67	3.94
-1.38	4.81
-2.08	5.63
-0.04	1.00
0.76	1.85
0.05	3.00
-0.66	3.95
-1.37	4.81
-2.07	5.63
-0.05	1.00
0.77	1.85
0.06	3.00
-0.65	3.95
-1.36	4.81
-2.06	5.63
-0.06	1.00
0.78	1.84
0.07	3.00
-0.64	3.95
-1.35	4.82
-2.05	5.64
-0.07	1.00
0.79	1.84
0.08	3.00
-0.63	3.95
-1.34	4.82
-2.04	5.64
-0.08	1.00
0.80	1.83
0.09	3.00
-0.62	3.95
-1.33	4.82
-2.03	5.65
-0.09	1.00
0.81	1.83
0.10	3.00
-0.61	3.95
-1.32	4.82
-2.02	5.65
-0.10	1.00
0.82	1.83
0.11	3.00
-0.60	3.95
-1.31	4.83
-2.01	5.65
-0.11	0.99
0.83	1.82
0.12	3.00
-0.59	3.96
-1.30	4.83
-2.00	5.66
-0.12	0.99
0.84	1.82
0.13	3.00
-0.58	3.96
-1.29	4.83
-1.99	5.66
-0.13	0.99
0.85	1.81
0.14	3.00
-0.57	3.96
-1.28	4.83
-1.98	5.66
-0.14	0.99
0.86	1.81
0.15	3.00
-0.56	3.96
-1.27	4.84
-1.97	5.67
-0.15	0.99
0.87	1.80
0.16	3.00
-0.55	3.96
-1.26	4.84
-1.96	5.67
-0.16	0.99
0.88	1.80
0.17	3.00
-0.54	3.96
-1.25	4.84
-1.95	5.67
-0.17	0.99
0.89	1.79
0.18	2.99
-0.53	3.96
-1.24	4.84
-1.94	5.68
-0.18	0.98
0.90	1.79
0.19	2.99
-0.52	3.97
-1.23	4.85
-1.93	5.68
-0.19	0.98
0.91	1.78
0.20	2.99
-0.51	3.97
-1.22	4.85
-1.92	5.68
-0.20	0.98
0.92	1.78
0.21	2.99
-0.50	3.97
-1.21	4.85
-1.91	5.69
-0.21	0.98
0.93	1.77
0.22	2.99
-0.49	3.97
-1.20	4.85
-1.90	5.69
-0.22	0.98
0.94	1.77
0.23	2.99
-0.48	3.97
-1.19	4.86
-1.89	5.69
-0.23	0.97
0.95	1.76
0.24	2.99
-0.47	3.97
-1.18	4.86
-1.88	5.70
-0.24	0.97
0.96	1.76
0.25	2.99
-0.46	3.97
-1.17	4.86
-1.87	5.70
-0.25	0.97
0.97	1.75
0.26	2.99
-0.45	3.97
-1.16	4.86
-1.86	5.70
-0.26	0.97
0.98	1.75
0.27	2.99
-0.44	3.98
-1.15	4.87
-1.85	5.71
-0.27	0.96
0.99	1.74
0.28	2.99
-0.43	3.98
-1.14	4.87
-1.84	5.71
-0.28	0.96
1.00	1.73
0.29	2.99
-0.42	3.98
-1.13	4.87
-1.83	5.71
-0.29	0.96
1.01	1.73
0.30	2.99
-0.41	3.98
-1.12	4.87
-1.82	5.72
-0.30	0.95
1.02	1.72
0.31	2.98
-0.40	3.98
-1.11	4.88
-1.81	5.72
-0.31	0.95
1.03	1.72
0.32	2.98
-0.39	3.98
-1.10	4.88
-1.80	5.72
-0.32	0.95
1.04	1.71
0.33	2.98
-0.38	3.98
-1.09	4.88
-1.79	5.73
-0.33	0.94
1.05	1.70
0.34	2.98
-0.37	3.98
-1.08	4.88
-1.78	5.73
-0.34	0.94
1.06	1.70
0.35	2.98
-0.36	3.98
-1.07	4.89
-1.77	5.73
-0.35	0.94
1.07	1.69
0.36	2.98
-0.35	3.98
-1.06	4.89
-1.76	5.74
-0.36	0.93
1.08	1.69
0.37	2.98
-0.34	3.99
-1.05	4.89
-1.75	5.74
-0.37	0.93
1.09	1.68
0.38	2.98
-0.33	3.99
-1.04	4.89
-1.74	5.74
-0.38	0.93
1.10	1.67
0.39	2.97
-0.32	3.99
-1.03	4.89
-1.73	5.74
-0.39	0.92
1.11	1.67
0.40	2.97
-0.31	3.99
-1.02	4.90
-1.72	5.75
-0.40	0.92
1.12	1.66
0.41	2.97
-0.30	3.99
-1.01	4.90
-1.71	5.75
-0.41	0.91
1.13	1.65
0.42	2.97
-0.29	3.99
-1.00	4.90
-1.70	5.75
-0.42	0.91
1.14	1.65
0.43	2.97
-0.28	3.99
-0.99	4.90
-1.69	5.76
-0.43	0.90
1.15	1.64
0.44	2.97
-0.27	3.99
-0.98	4.90
-1.68	5.76
-0.44	0.90
1.16	1.63
0.45	2.97
-0.26	3.99
-0.97	4.91
-1.67	5.76
-0.45	0.89
1.17	1.63
0.46	2.96
-0.25	3.99
-0.96	4.91
-1.66	5.77
-0.46	0.89
1.18	1.62
0.47	2.96
-0.24	3.99
-0.95	4.91
-1.65	5.77
-0.47	0.88
1.19	1.61
0.48	2.96
-0.23	3.99
-0.94	4.91
-1.64	5.77
-0.48	0.88
1.20	1.60
0.49	2.96
-0.22	3.99
-0.93	4.91
-1.63	5.77
-0.49	0.87
1.21	1.60
0.50	2.96
-0.21	3.99
-0.92	4.92
-1.62	5.78
-0.50	0.87
1.22	1.59
0.51	2.96
-0.20	4.00
-0.91	4.92
-1.61	5.78
-0.51	0.86
1.23	1.58
0.52	2.95
-0.19	4.00
-0.90	4.92
-1.60	5.78
-0.52	0.86
1.24	1.57
0.53	2.95
-0.18	4.00
-0.89	4.92
-1.59	5.78
-0.53	0.85
1.25	1.56
0.54	2.95
-0.17	4.00
-0.88	4.92
-1.58	5.79
-0.54	0.84
1.26	1.56
0.55	2.95
-0.16	4.00
-0.87	4.92
-1.57	5.79
-0.55	0.84
1.27	1.55
0.56	2.95
-0.15	4.00
-0.86	4.93
-1.56	5.79
-0.56	0.83
1.28	1.54
0.57	2.95
-0.14	4.00
-0.85	4.93
-1.55	5.80
-0.57	0.82
1.29	1.53
0.58	2.94
-0.13	4.00
-0.84	4.93
-1.54	5.80
-0.58	0.82
1.30	1.52
0.59	2.94
-0.12	4.00
-0.83	4.93
-1.53	5.80
-0.59	0.81
1.31	1.51
0.60	2.94
-0.11	4.00
-0.82	4.93
-1.52	5.80
-0.60	0.80
1.32	1.51
0.61	2.94
-0.10	4.00
-0.81	4.93
-1.51	5.81
-0.61	0.79
1.33	1.50
0.62	2.94
-0.09	4.00
-0.80	4.94
-1.50	5.81
-0.62	0.79
1.34	1.49
0.63	2.93
-0.08	4.00
-0.79	4.94
-1.49	5.81
-0.63	0.78
1.35	1.48
0.64	2.93
-0.07	4.00
-0.78	4.94
-1.48	5.81
-0.64	0.77
1.36	1.47
0.65	2.93
-0.06	4.00
-0.77	4.94
-1.47	5.82
-0.65	0.76
1.37	1.46
0.66	2.93
-0.05	4.00
-0.76	4.94
-1.46	5.82
-0.66	0.75
1.38	1.45
0.67	2.92
-0.04	4.00
-0.75	4.94
-1.45	5.82
-0.67	0.74
1.39	1.44
0.68	2.92
-0.03	4.00
-0.74	4.95
-1.44	5.82
-0.68	0.74
1.40	1.43
0.69	2.92
-0.02	4.00
-0.73	4.95
-1.43	5.83
-0.69	0.73
1.41	1.42
0.70	2.92
-0.01	4.00
-0.72	4.95
-1.42	5.83
-0.70	0.72
1.42	1.41
0.71	2.92
0.00	4.00
-0.71	4.95
-1.41	5.83
-0.71	0.71
1.41	1.42
0.72	2.91
0.01	4.00
-0.70	4.95
-1.40	5.83
-0.70	0.72
1.40	1.43
0.73	2.91
0.02	4.00
-0.69	4.95
-1.39	5.84
-0.69	0.73
1.39	1.44
0.74	2.91
0.03	4.00
-0.68	4.95
-1.38	5.84
-0.68	0.74
1.38	1.45
0.75	2.91
0.04	4.00
-0.67	4.96
-1.37	5.84
-0.67	0.74
1.37	1.46
0.76	2.90
0.05	4.00
-0.66	4.96
-1.36	5.84
-0.66	0.75
1.36	1.47
0.77	2.90
0.06	4.00
-0.65	4.96
-1.35	5.85
-0.65	0.76
1.35	1.48
0.78	2.90
0.07	4.00
-0.64	4.96
-1.34	5.85
-0.64	0.77
1.34	1.49
0.79	2.89
0.08	4.00
-0.63	4.96
-1.33	5.85
-0.63	0.78
1.33	1.50
0.80	2.89
0.09	4.00
-0.62	4.96
-1.32	5.85
-0.62	0.79
1.32	1.51
0.81	2.89
0.10	4.00
-0.61	4.96
-1.31	5.85
-0.61	0.79
1.31	1.51
0.82	2.89
0.11	4.00
-0.60	4.96
-1.30	5.86
-0.60	0.80
1.30	1.52
0.83	2.88
0.12	4.00
-0.59	4.97
-1.29	5.86
-0.59	0.81
1.29	1.53
0.84	2.88
0.13	4.00
-0.58	4.97
-1.28	5.86
-0.58	0.82
1.28	1.54
0.85	2.88
0.14	4.00
-0.57	4.97
-1.27	5.86
-0.57	0.82
1.27	1.55
0.86	2.87
0.15	4.00
-0.56	4.97
-1.26	5.87
-0.56	0.83
1.26	1.56
0.87	2.87
0.16	4.00
-0.55	4.97
-1.25	5.87
-0.55	0.84
1.25	1.56
0.88	2.87
0.17	4.00
-0.54	4.97
-1.24	5.87
-0.54	0.84
1.24	1.57
0.89	2.87
0.18	4.00
-0.53	4.97
-1.23	5.87
-0.53	0.85
1.23	1.58
0.90	2.86
0.19	4.00
-0.52	4.97
-1.22	5.87
-0.52	0.86
1.22	1.59
0.91	2.86
0.20	3.99
-0.51	4.97
-1.21	5.88
-0.51	0.86
1.21	1.60
0.92	2.86
0.21	3.99
-0.50	4.98
-1.20	5.88
-0.50	0.87
1.20	1.60
0.93	2.85
0.22	3.99
-0.49	4.98
-1.19	5.88
-0.49	0.87
1.19	1.61
0.94	2.85
0.23	3.99
-0.48	4.98
-1.18	5.88
-0.48	0.88
1.18	1.62
0.95	2.85
0.24	3.99
-0.47	4.98
-1.17	5.88
-0.47	0.88
1.17	1.63
0.96	2.84
0.25	3.99
-0.46	4.98
-1.16	5.89
-0.46	0.89
1.16	1.63
0.97	2.84
0.26	3.99
-0.45	4.98
-1.15	5.89
-0.45	0.89
1.15	1.64
0.98	2.84
0.27	3.99
-0.44	4.98
-1.14	5.89
-0.44	0.90
1.14	1.65
0.99	2.83
0.28	3.99
-0.43	4.98
-1.13	5.89
-0.43	0.90
1.13	1.65
1.00	2.83
0.29	3.99
-0.42	4.98
-1.12	5.89
-0.42	0.91
1.12	1.66
1.01	2.83
0.30	3.99
-0.41	4.98
-1.11	5.90
-0.41	0.91
1.11	1.67
1.02	2.82
0.31	3.99
-0.40	4.98
-1.10	5.90
-0.40	0.92
1.10	1.67
1.03	2.82
0.32	3.99
-0.39	4.99
-1.09	5.90
-0.39	0.92
1.09	1.68
1.04	2.81
0.33	3.99
-0.38	4.99
-1.08	5.90
-0.38	0.93
1.08	1.69
1.05	2.81
0.34	3.99
-0.37	4.99
-1.07	5.90
-0.37	0.93
1.07	1.69
1.06	2.81
0.35	3.98
-0.36	4.99
-1.06	5.91
-0.36	0.93
1.06	1.70
1.07	2.80
0.36	3.98
-0.35	4.99
-1.05	5.91
-0.35	0.94
1.05	1.70
1.08	2.80
0.37	3.98
-0.34	4.99
-1.04	5.91
-0.34	0.94
1.04	1.71
1.09	2.80
0.38	3.98
-0.33	4.99
-1.03	5.91
-0.33	0.94
1.03	1.72
1.10	2.79
0.39	3.98
-0.32	4.99
-1.02	5.91
-0.32	0.95
1.02	1.72
1.11	2.79
0.40	3.98
-0.31	4.99
-1.01	5.91
-0.31	0.95
1.01	1.73
1.12	2.78
0.41	3.98
-0.30	4.99
-1.00	5.92
-0.30	0.95
1.00	1.73
1.13	2.78
0.42	3.98
-0.29	4.99
-0.99	5.92
-0.29	0.96
0.99	1.74
1.14	2.78
0.43	3.98
-0.28	4.99
-0.98	5.92
-0.28	0.96
0.98	1.75
1.15	2.77
0.44	3.98
-0.27	4.99
-0.97	5.92
-0.27	0.96
0.97	1.75
1.16	2.77
0.45	3.97
-0.26	4.99
-0.96	5.92
-0.26	0.97
0.96	1.76
1.17	2.76
0.46	3.97
-0.25	4.99
-0.95	5.92
-0.25	0.97
0.95	1.76
1.18	2.76
0.47	3.97
-0.24	4.99
-0.94	5.93
-0.24	0.97
0.94	1.77
1.19	2.75
0.48	3.97
-0.23	4.99
-0.93	5.93
-0.23	0.97
0.93	1.77
1.20	2.75
0.49	3.97
-0.22	5.00
-0.92	5.93
-0.22	0.98
0.92	1.78
1.21	2.75
0.50	3.97
-0.21	5.00
-0.91	5.93
-0.21	0.98
0.91	1.78
1.22	2.74
0.51	3.97
-0.20	5.00
-0.90	5.93
-0.20	0.98
0.90	1.79
1.23	2.74
0.52	3.97
-0.19	5.00
-0.89	5.93
-0.19	0.98
0.89	1.79
1.24	2.73
0.53	3.96
-0.18	5.00
-0.88	5.93
-0.18	0.98
0.88	1.80
1.25	2.73
0.54	3.96
-0.17	5.00
-0.87	5.94
-0.17	0.99
0.87	1.80
1.26	2.72
0.55	3.96
-0.16	5.00
-0.86	5.94
-0.16	0.99
0.86	1.81
1.27	2.72
0.56	3.96
-0.15	5.00
-0.85	5.94
-0.15	0.99
0.85	1.81
1.28	2.71
0.57	3.96
-0.14	5.00
-0.84	5.94
-0.14	0.99
0.84	1.82
1.29	2.71
0.58	3.96
-0.13	5.00
-0.83	5.94
-0.13	0.99
0.83	1.82
1.30	2.70
0.59	3.96
-0.12	5.00
-0.82	5.94
-0.12	0.99
0.82	1.83
1.31	2.70
0.60	3.95
-0.11	5.00
-0.81	5.94
-0.11	0.99
0.81	1.83
1.32	2.69
0.61	3.95
-0.10	5.00
-0.80	5.95
-0.10	1.00
0.80	1.83
1.33	2.69
0.62	3.95
-0.09	5.00
-0.79	5.95
-0.09	1.00
0.79	1.84
1.34	2.68
0.63	3.95
-0.08	5.00
-0.78	5.95
-0.08	1.00
0.78	1.84
1.35	2.68
0.64	3.95
-0.07	5.00
-0.77	5.95
-0.07	1.00
0.77	1.85
1.36	2.67
0.65	3.95
-0.06	5.00
-0.76	5.95
-0.06	1.00
0.76	1.85
1.37	2.67
0.66	3.94
-0.05	5.00
-0.75	5.95
-0.05	1.00
0.75	1.86
1.38	2.66
0.67	3.94
-0.04	5.00
-0.74	5.95
-0.04	1.00
0.74	1.86
1.39	2.66
0.68	3.94
-0.03	5.00
-0.73	5.96
-0.03	1.00
0.73	1.86
1.40	2.65
0.69	3.94
-0.02	5.00
-0.72	5.96
-0.02	1.00
0.72	1.87
1.41	2.65
0.70	3.94
-0.01	5.00
-0.71	5.96
-0.01	1.00
0.71	1.87
1.42	2.64
0.71	3.94
0.00	5.00
-0.70	5.96
0.00	1.00
0.70	1.88
1.43	2.64
0.72	3.93
0.01	5.00
-0.69	5.96
0.01	1.00
0.69	1.88
1.44	2.63
0.73	3.93
0.02	5.00
-0.68	5.96
0.02	1.00
0.68	1.88
1.45	2.63
0.74	3.93
0.03	5.00
-0.67	5.96
0.03	1.00
0.67	1.89
1.46	2.62
0.75	3.93
0.04	5.00
-0.66	5.96
0.04	1.00
0.66	1.89
1.47	2.62
0.76	3.93
0.05	5.00
-0.65	5.96
0.05	1.00
0.65	1.89
1.48	2.61
0.77	3.92
0.06	5.00
-0.64	5.97
0.06	1.00
0.64	1.90
1.49	2.60
0.78	3.92
0.07	5.00
-0.63	5.97
0.07	1.00
0.63	1.90
1.50	2.60
0.79	3.92
0.08	5.00
-0.62	5.97
0.08	1.00
0.62	1.90
1.51	2.59
0.80	3.92
0.09	5.00
-0.61	5.97
0.09	1.00
0.61	1.91
1.52	2.59
0.81	3.92
0.10	5.00
-0.60	5.97
0.10	0.99
0.60	1.91
1.53	2.58
0.82	3.91
0.11	5.00
-0.59	5.97
0.11	0.99
0.59	1.91
1.54	2.58
0.83	3.91
0.12	5.00
-0.58	5.97
0.12	0.99
0.58	1.92
1.55	2.57
0.84	3.91
0.13	5.00
-0.57	5.97
0.13	0.99
0.57	1.92
1.56	2.56
0.85	3.91
0.14	5.00
-0.56	5.97
0.14	0.99
0.56	1.92
1.57	2.56
0.86	3.91
0.15	5.00
-0.55	5.97
0.15	0.99
0.55	1.92
1.58	2.55
0.87	3.90
0.16	5.00
-0.54	5.98
0.16	0.99
0.54	1.93
1.59	2.54
0.88	3.90
0.17	5.00
-0.53	5.98
0.17	0.98
0.53	1.93
1.60	2.54
0.89	3.90
0.18	5.00
-0.52	5.98
0.18	0.98
0.52	1.93
1.61	2.53
0.90	3.90
0.19	5.00
-0.51	5.98
0.19	0.98
0.51	1.93
1.62	2.53
0.91	3.89
0.20	5.00
-0.50	5.98
0.20	0.98
0.50	1.94
1.63	2.52
0.92	3.89
0.21	5.00
-0.49	5.98
0.21	0.98
0.49	1.94
1.64	2.51
0.93	3.89
0.22	4.99
-0.48	5.98
0.22	0.97
0.48	1.94
1.65	2.51
0.94	3.89
0.23	4.99
-0.47	5.98
0.23	0.97
0.47	1.95
1.66	2.50
0.95	3.89
0.24	4.99
-0.46	5.98
0.24	0.97
0.46	1.95
1.67	2.49
0.96	3.88
0.25	4.99
-0.45	5.98
0.25	0.97
0.45	1.95
1.68	2.49
0.97	3.88
0.26	4.99
-0.44	5.98
0.26	0.96
0.44	1.95
1.69	2.48
0.98	3.88
0.27	4.99
-0.43	5.98
0.27	0.96
0.43	1.95
1.70	2.47
0.99	3.88
0.28	4.99
-0.42	5.99
0.28	0.96
0.42	1.96
1.71	2.47
1.00	3.87
0.29	4.99
-0.41	5.99
0.29	0.96
0.41	1.96
1.72	2.46
1.01	3.87
0.30	4.99
-0.40	5.99
0.30	0.95
0.40	1.96
1.73	2.45
1.02	3.87
0.31	4.99
-0.39	5.99
0.31	0.95
0.39	1.96
1.74	2.44
1.03	3.86
0.32	4.99
-0.38	5.99
0.32	0.95
0.38	1.96
1.75	2.44
1.04	3.86
0.33	4.99
-0.37	5.99
0.33	0.94
0.37	1.97
1.76	2.43
1.05	3.86
0.34	4.99
-0.36	5.99
0.34	0.94
0.36	1.97
1.77	2.42
1.06	3.86
0.35	4.99
-0.35	5.99
0.35	0.94
0.35	1.97
1.78	2.42
1.07	3.85
0.36	4.99
-0.34	5.99
0.36	0.93
0.34	1.97
1.79	2.41
1.08	3.85
0.37	4.99
-0.33	5.99
0.37	0.93
0.33	1.97
1.80	2.40
1.09	3.85
0.38	4.99
-0.32	5.99
0.38	0.92
0.32	1.97
1.81	2.39
1.10	3.85
0.39	4.98
-0.31	5.99
0.39	0.92
0.31	1.98
1.82	2.39
1.11	3.84
0.40	4.98
-0.30	5.99
0.40	0.92
0.30	1.98
1.83	2.38
1.12	3.84
0.41	4.98
-0.29	5.99
0.41	0.91
0.29	1.98
1.84	2.37
1.13	3.84
0.42	4.98
-0.28	5.99
0.42	0.91
0.28	1.98
1.85	2.36
1.14	3.83
0.43	4.98
-0.27	5.99
0.43	0.90
0.27	1.98
1.86	2.35
1.15	3.83
0.44	4.98
-0.26	5.99
0.44	0.90
0.26	1.98
1.87	2.35
1.16	3.83
0.45	4.98
-0.25	5.99
0.45	0.89
0.25	1.98
1.88	2.34
1.17	3.82
0.46	4.98
-0.24	6.00
0.46	0.89
0.24	1.99
1.89	2.33
1.18	3.82
0.47	4.98
-0.23	6.00
0.47	0.88
0.23	1.99
1.90	2.32
1.19	3.82
0.48	4.98
-0.22	6.00
0.48	0.88
0.22	1.99
1.91	2.31
1.20	3.82
0.49	4.98
-0.21	6.00
0.49	0.87
0.21	1.99
1.92	2.31
1.21	3.81
0.50	4.97
-0.20	6.00
0.50	0.86
0.20	1.99
1.93	2.30
1.22	3.81
0.51	4.97
-0.19	6.00
0.51	0.86
0.19	1.99
1.94	2.29
1.23	3.81
0.52	4.97
-0.18	6.00
0.52	0.85
0.18	1.99
1.95	2.28
1.24	3.80
0.53	4.97
-0.17	6.00
0.53	0.85
0.17	1.99
1.96	2.27
1.25	3.80
0.54	4.97
-0.16	6.00
0.54	0.84
0.16	1.99
1.97	2.26
1.26	3.80
0.55	4.97
-0.15	6.00
0.55	0.83
0.15	1.99
1.98	2.25
1.27	3.79
0.56	4.97
-0.14	6.00
0.56	0.83
0.14	2.00
1.99	2.25
1.28	3.79
0.57	4.97
-0.13	6.00
0.57	0.82
0.13	2.00
2.00	2.24
1.29	3.79
0.58	4.97
-0.12	6.00
0.58	0.81
0.12	2.00
2.01	2.23
1.30	3.78
0.59	4.96
-0.11	6.00
0.59	0.81
0.11	2.00
2.02	2.22
1.31	3.78
0.60	4.96
-0.10	6.00
0.60	0.80
0.10	2.00
2.03	2.21
1.32	3.78
0.61	4.96
-0.09	6.00
0.61	0.79
0.09	2.00
2.04	2.20
1.33	3.77
0.62	4.96
-0.08	6.00
0.62	0.78
0.08	2.00
2.05	2.19
1.34	3.77
0.63	4.96
-0.07	6.00
0.63	0.77
0.07	2.00
2.06	2.18
1.35	3.76
0.64	4.96
-0.06	6.00
0.64	0.77
0.06	2.00
2.07	2.17
1.36	3.76
0.65	4.96
-0.05	6.00
0.65	0.76
0.05	2.00
2.08	2.16
1.37	3.76
0.66	4.96
-0.04	6.00
0.66	0.75
0.04	2.00
2.09	2.15
1.38	3.75
0.67	4.95
-0.03	6.00
0.67	0.74
0.03	2.00
2.10	2.14
1.39	3.75
0.68	4.95
-0.02	6.00
0.68	0.73
0.02	2.00
2.11	2.13
1.40	3.75
0.69	4.95
-0.01	6.00
0.69	0.72
0.01	2.00
2.12	2.12
1.41	3.74
0.70	4.95
-0.00	6.00
0.70	0.71
-0.00	2.00
2.13	2.11
1.42	3.74
0.71	4.95
0.01	6.00
0.71	0.70
-0.01	2.00
2.12	2.12
1.43	3.74
0.72	4.95
0.02	6.00
0.70	0.71
-0.02	2.00
2.11	2.13
1.44	3.73
0.73	4.95
0.03	6.00
0.69	0.72
-0.03	2.00
2.10	2.14
1.45	3.73
0.74	4.94
0.04	6.00
0.68	0.73
-0.04	2.00
2.09	2.15
1.46	3.72
0.75	4.94
0.05	6.00
0.67	0.74
-0.05	2.00
2.08	2.16
1.47	3.72
0.76	4.94
0.06	6.00
0.66	0.75
-0.06	2.00
2.07	2.17
1.48	3.72
0.77	4.94
0.07	6.00
0.65	0.76
-0.07	2.00
2.06	2.18
1.49	3.71
0.78	4.94
0.08	6.00
0.64	0.77
-0.08	2.00
2.05	2.19
1.50	3.71
0.79	4.94
0.09	6.00
0.63	0.77
-0.09	2.00
2.04	2.20
1.51	3.70
0.80	4.93
0.10	6.00
0.62	0.78
-0.10	2.00
2.03	2.21
1.52	3.70
0.81	4.93
0.11	6.00
0.61	0.79
-0.11	2.00
2.02	2.22
1.53	3.70
0.82	4.93
0.12	6.00
0.60	0.80
-0.12	2.00
2.01	2.23
1.54	3.69
0.83	4.93
0.13	6.00
0.59	0.81
-0.13	2.00
2.00	2.24
1.55	3.69
0.84	4.93
0.14	6.00
0.58	0.81
-0.14	1.99
1.99	2.25
1.56	3.68
0.85	4.93
0.15	6.00
0.57	0.82
-0.15	1.99
1.98	2.25
1.57	3.68
0.86	4.92
0.16	6.00
0.56	0.83
-0.16	1.99
1.97	2.26
1.58	3.67
0.87	4.92
0.17	6.00
0.55	0.83
-0.17	1.99
1.96	2.27
1.59	3.67
0.88	4.92
0.18	6.00
0.54	0.84
-0.18	1.99
1.95	2.28
1.60	3.67
0.89	4.92
0.19	6.00
0.53	0.85
-0.19	1.99
1.94	2.29
1.61	3.66
0.90	4.92
0.20	6.00
0.52	0.85
-0.20	1.99
1.93	2.30
1.62	3.66
0.91	4.92
0.21	6.00
0.51	0.86
-0.21	1.99
1.92	2.31
1.63	3.65
0.92	4.91
0.22	6.00
0.50	0.86
-0.22	1.99
1.91	2.31
1.64	3.65
0.93	4.91
0.23	6.00
0.49	0.87
-0.23	1.99
1.90	2.32
1.65	3.64
0.94	4.91
0.24	6.00
0.48	0.88
-0.24	1.99
1.89	2.33
1.66	3.64
0.95	4.91
0.25	5.99
0.47	0.88
-0.25	1.98
1.88	2.34
1.67	3.63
0.96	4.91
0.26	5.99
0.46	0.89
-0.26	1.98
1.87	2.35
1.68	3.63
0.97	4.90
0.27	5.99
0.45	0.89
-0.27	1.98
1.86	2.35
1.69	3.62
0.98	4.90
0.28	5.99
0.44	0.90
-0.28	1.98
1.85	2.36
1.70	3.62
0.99	4.90
0.29	5.99
0.43	0.90
-0.29	1.98
1.84	2.37
1.71	3.62
1.00	4.90
0.30	5.99
0.42	0.91
-0.30	1.98
1.83	2.38
1.72	3.61
1.01	4.90
0.31	5.99
0.41	0.91
-0.31	1.98
1.82	2.39
1.73	3.61
1.02	4.89
0.32	5.99
0.40	0.92
-0.32	1.97
1.81	2.39
1.74	3.60
1.03	4.89
0.33	5.99
0.39	0.92
-0.33	1.97
1.80	2.40
1.75	3.60
1.04	4.89
0.34	5.99
0.38	0.92
-0.34	1.97
1.79	2.41
1.76	3.59
1.05	4.89
0.35	5.99
0.37	0.93
-0.35	1.97
1.78	2.42
1.77	3.59
1.06	4.89
0.36	5.99
0.36	0.93
-0.36	1.97
1.77	2.42
1.78	3.58
1.07	4.88
0.37	5.99
0.35	0.94
-0.37	1.96
1.76	2.43
1.79	3.58
1.08	4.88
0.38	5.99
0.34	0.94
-0.38	1.96
1.75	2.44
1.80	3.57
1.09	4.88
0.39	5.99
0.33	0.94
-0.39	1.96
1.74	2.44
1.81	3.57
1.10	4.88
0.40	5.99
0.32	0.95
-0.40	1.96
1.73	2.45
1.82	3.56
1.11	4.87
0.41	5.99
0.31	0.95
-0.41	1.96
1.72	2.46
1.83	3.56
1.12	4.87
0.42	5.99
0.30	0.95
-0.42	1.95
1.71	2.47
1.84	3.55
1.13	4.87
0.43	5.98
0.29	0.96
-0.43	1.95
1.70	2.47
1.85	3.55
1.14	4.87
0.44	5.98
0.28	0.96
-0.44	1.95
1.69	2.48
1.86	3.54
1.15	4.86
0.45	5.98
0.27	0.96
-0.45	1.95
1.68	2.49
1.87	3.54
1.16	4.86
0.46	5.98
0.26	0.96
-0.46	1.95
1.67	2.49
1.88	3.53
1.17	4.86
0.47	5.98
0.25	0.97
-0.47	1.94
1.66	2.50
1.89	3.52
1.18	4.86
0.48	5.98
0.24	0.97
-0.48	1.94
1.65	2.51
1.90	3.52
1.19	4.86
0.49	5.98
0.23	0.97
-0.49	1.94
1.64	2.51
1.91	3.51
1.20	4.85
0.50	5.98
0.22	0.97
-0.50	1.94
1.63	2.52
1.92	3.51
1.21	4.85
0.51	5.98
0.21	0.98
-0.51	1.93
1.62	2.53
1.93	3.50
1.22	4.85
0.52	5.98
0.20	0.98
-0.52	1.93
1.61	2.53
1.94	3.50
1.23	4.85
0.53	5.98
0.19	0.98
-0.53	1.93
1.60	2.54
1.95	3.49
1.24	4.84
0.54	5.98
0.18	0.98
-0.54	1.92
1.59	2.54
1.96	3.49
1.25	4.84
0.55	5.97
0.17	0.98
-0.55	1.92
1.58	2.55
1.97	3.48
1.26	4.84
0.56	5.97
0.16	0.99
-0.56	1.92
1.57	2.56
1.98	3.47
1.27	4.83
0.57	5.97
0.15	0.99
-0.57	1.92
1.56	2.56
1.99	3.47
1.28	4.83
0.58	5.97
0.14	0.99
-0.58	1.91
1.55	2.57
2.00	3.46
1.29	4.83
0.59	5.97
0.13	0.99
-0.59	1.91
1.54	2.58
2.01	3.46
1.30	4.83
0.60	5.97
0.12	0.99
-0.60	1.91
1.53	2.58
2.02	3.45
1.31	4.82
0.61	5.97
0.11	0.99
-0.61	1.90
1.52	2.59
2.03	3.45
1.32	4.82
0.62	5.97
0.10	0.99
-0.62	1.90
1.51	2.59
2.04	3.44
1.33	4.82
0.63	5.97
0.09	1.00
-0.63	1.90
1.50	2.60
2.05	3.43
1.34	4.82
0.64	5.97
0.08	1.00
-0.64	1.89
1.49	2.60
2.06	3.43
1.35	4.81
0.65	5.96
0.07	1.00
-0.65	1.89
1.48	2.61
2.07	3.42
1.36	4.81
0.66	5.96
0.06	1.00
-0.66	1.89
1.47	2.62
2.08	3.42
1.37	4.81
0.67	5.96
0.05	1.00
-0.67	1.88
1.46	2.62
2.09	3.41
1.38	4.80
0.68	5.96
0.04	1.00
-0.68	1.88
1.45	2.63
2.10	3.40
1.39	4.80
0.69	5.96
0.03	1.00
-0.69	1.88
1.44	2.63
2.11	3.40
1.40	4.80
0.70	5.96
0.02	1.00
-0.70	1.87
1.43	2.64
2.12	3.39
1.41	4.80
0.71	5.96
0.01	1.00
-0.71	1.87
1.42	2.64
2.13	3.38
1.42	4.79
0.72	5.96
0.00	1.00
-0.72	1.86
1.41	2.65
2.14	3.38
1.43	4.79
0.73	5.96
-0.01	1.00
-0.73	1.86
1.40	2.65
2.15	3.37
1.44	4.79
0.74	5.95
-0.02	1.00
-0.74	1.86
1.39	2.66
2.16	3.37
1.45	4.78
0.75	5.95
-0.03	1.00
-0.75	1.85
1.38	2.66
2.17	3.36
1.46	4.78
0.76	5.95
-0.04	1.00
-0.76	1.85
1.37	2.67
2.18	3.35
1.47	4.78
0.77	5.95
-0.05	1.00
-0.77	1.84
1.36	2.67
2.19	3.35
1.48	4.77
0.78	5.95
-0.06	1.00
-0.78	1.84
1.35	2.68
2.20	3.34
1.49	4.77
0.79	5.95
-0.07	1.00
-0.79	1.84
1.34	2.68
2.21	3.33
1.50	4.77
0.80	5.95
-0.08	1.00
-0.80	1.83
1.33	2.69
2.22	3.33
1.51	4.77
0.81	5.95
-0.09	1.00
-0.81	1.83
1.32	2.69
2.23	3.32
1.52	4.76
0.82	5.94
-0.10	1.00
-0.82	1.82
1.31	2.70
2.24	3.31
1.53	4.76
0.83	5.94
-0.11	0.99
-0.83	1.82
1.30	2.70
2.25	3.31
1.54	4.76
0.84	5.94
-0.12	0.99
-0.84	1.81
1.29	2.71
2.26	3.30
1.55	4.75
0.85	5.94
-0.13	0.99
-0.85	1.81
1.28	2.71
2.27	3.29
1.56	4.75
0.86	5.94
-0.14	0.99
-0.86	1.80
1.27	2.72
2.28	3.29
1.57	4.75
0.87	5.94
-0.15	0.99
-0.87	1.80
1.26	2.72
2.29	3.28
1.58	4.74
0.88	5.94
-0.16	0.99
-0.88	1.79
1.25	2.73
2.30	3.27
1.59	4.74
0.89	5.93
-0.17	0.99
-0.89	1.79
1.24	2.73
2.31	3.26
1.60	4.74
0.90	5.93
-0.18	0.98
-0.90	1.78
1.23	2.74
2.32	3.26
1.61	4.73
0.91	5.93
-0.19	0.98
-0.91	1.78
1.22	2.74
2.33	3.25
1.62	4.73
0.92	5.93
-0.20	0.98
-0.92	1.77
1.21	2.75
2.34	3.24
1.63	4.73
0.93	5.93
-0.21	0.98
-0.93	1.77
1.20	2.75
2.35	3.24
1.64	4.72
0.94	5.93
-0.22	0.98
-0.94	1.76
1.19	2.75
2.36	3.23
1.65	4.72
0.95	5.92
-0.23	0.97
-0.95	1.76
1.18	2.76
2.37	3.22
1.66	4.71
0.96	5.92
-0.24	0.97
-0.96	1.75
1.17	2.76
2.38	3.21
1.67	4.71
0.97	5.92
-0.25	0.97
-0.97	1.75
1.16	2.77
2.39	3.21
1.68	4.71
0.98	5.92
-0.26	0.97
-0.98	1.74
1.15	2.77
2.40	3.20
1.69	4.70
0.99	5.92
-0.27	0.96
-0.99	1.74
1.14	2.78
2.41	3.19
1.70	4.70
1.00	5.92
-0.28	0.96
-1.00	1.73
1.13	2.78
2.42	3.18
1.71	4.70
1.01	5.91
-0.29	0.96
-1.01	1.72
1.12	2.78
2.43	3.18
1.72	4.69
1.02	5.91
-0.30	0.95
-1.02	1.72
1.11	2.79
2.44	3.17
1.73	4.69
1.03	5.91
-0.31	0.95
-1.03	1.71
1.10	2.79
2.45	3.16
1.74	4.69
1.04	5.91
-0.32	0.95
-1.04	1.71
1.09	2.80
2.46	3.15
1.75	4.68
1.05	5.91
-0.33	0.94
-1.05	1.70
1.08	2.80
2.47	3.15
1.76	4.68
1.06	5.91
-0.34	0.94
-1.06	1.69
1.07	2.80
2.48	3.14
1.77	4.67
1.07	5.90
-0.35	0.94
-1.07	1.69
1.06	2.81
2.49	3.13
1.78	4.67
1.08	5.90
-0.36	0.93
-1.08	1.68
1.05	2.81
2.50	3.12
1.79	4.67
1.09	5.90
-0.37	0.93
-1.09	1.67
1.04	2.81
2.51	3.11
1.80	4.66
1.10	5.90
-0.38	0.93
-1.10	1.67
1.03	2.82
2.52	3.11
1.81	4.66
1.11	5.90
-0.39	0.92
-1.11	1.66
1.02	2.82
2.53	3.10
1.82	4.66
1.12	5.90
-0.40	0.92
-1.12	1.65
1.01	2.83
2.54	3.09
1.83	4.65
1.13	5.89
-0.41	0.91
-1.13	1.65
1.00	2.83
2.55	3.08
1.84	4.65
1.14	5.89
-0.42	0.91
-1.14	1.64
0.99	2.83
2.56	3.07
1.85	4.64
1.15	5.89
-0.43	0.90
-1.15	1.63
0.98	2.84
2.57	3.06
1.86	4.64
1.16	5.89
-0.44	0.90
-1.16	1.63
0.97	2.84
2.58	3.06
1.87	4.64
1.17	5.89
-0.45	0.89
-1.17	1.62
0.96	2.84
2.59	3.05
1.88	4.63
1.18	5.88
-0.46	0.89
-1.18	1.61
0.95	2.85
2.60	3.04
1.89	4.63
1.19	5.88
-0.47	0.88
-1.19	1.60
0.94	2.85
2.61	3.03
1.90	4.62
1.20	5.88
-0.48	0.88
-1.20	1.60
0.93	2.85
2.62	3.02
1.91	4.62
1.21	5.88
-0.49	0.87
-1.21	1.59
0.92	2.86
2.63	3.01
1.92	4.61
1.22	5.88
-0.50	0.87
-1.22	1.58
0.91	2.86
2.64	3.00
1.93	4.61
1.23	5.87
-0.51	0.86
-1.23	1.57
0.90	2.86
2.65	2.99
1.94	4.61
1.24	5.87
-0.52	0.86
-1.24	1.57
0.89	2.87
2.66	2.99
1.95	4.60
1.25	5.87
-0.53	0.85
-1.25	1.56
0.88	2.87
2.67	2.98
1.96	4.60
1.26	5.87
-0.54	0.84
-1.26	1.55
0.87	2.87
2.68	2.97
1.97	4.59
1.27	5.86
-0.55	0.84
-1.27	1.54
0.86	2.87
2.69	2.96
1.98	4.59
1.28	5.86
-0.56	0.83
-1.28	1.53
0.85	2.88
2.70	2.95
1.99	4.58
1.29	5.86
-0.57	0.82
-1.29	1.52
0.84	2.88
2.71	2.94
2.00	4.58
1.30	5.86
-0.58	0.82
-1.30	1.52
0.83	2.88
2.72	2.93
2.01	4.58
1.31	5.86
-0.59	0.81
-1.31	1.51
0.82	2.89
2.73	2.92
2.02	4.57
1.32	5.85
-0.60	0.80
-1.32	1.50
0.81	2.89
2.74	2.91
2.03	4.57
1.33	5.85
-0.61	0.79
-1.33	1.49
0.80	2.89
2.75	2.90
2.04	4.56
1.34	5.85
-0.62	0.79
-1.34	1.48
0.79	2.89
2.76	2.89
2.05	4.56
1.35	5.85
-0.63	0.78
-1.35	1.47
0.78	2.90
2.77	2.88
2.06	4.55
1.36	5.84
-0.64	0.77
-1.36	1.46
0.77	2.90
2.78	2.87
2.07	4.55
1.37	5.84
-0.65	0.76
-1.37	1.45
0.76	2.90
2.79	2.86
2.08	4.54
1.38	5.84
-0.66	0.75
-1.38	1.44
0.75	2.91
2.80	2.86
2.09	4.54
1.39	5.84
-0.67	0.74
-1.39	1.43
0.74	2.91
2.81	2.85
2.10	4.54
1.40	5.84
-0.68	0.74
-1.40	1.42
0.73	2.91
2.82	2.84
2.11	4.53
1.41	5.83
-0.69	0.73
-1.41	1.41
0.72	2.91
2.83	2.83
2.12	4.53
1.42	5.83
-0.70	0.72
-1.40	1.42
0.71	2.92
2.82	2.84
2.13	4.52
1.43	5.83
-0.71	0.71
-1.39	1.43
0.70	2.92
2.81	2.85
2.14	4.52
1.44	5.83
-0.70	0.72
-1.38	1.44
0.69	2.92
2.80	2.86
2.15	4.51
1.45	5.82
-0.69	0.73
-1.37	1.45
0.68	2.92
2.79	2.86
2.16	4.51
1.46	5.82
-0.68	0.74
-1.36	1.46
0.67	2.92
2.78	2.87
2.17	4.50
1.47	5.82
-0.67	0.74
-1.35	1.47
0.66	2.93
2.77	2.88
2.18	4.50
1.48	5.82
-0.66	0.75
-1.34	1.48
0.65	2.93
2.76	2.89
2.19	4.49
1.49	5.81
-0.65	0.76
-1.33	1.49
0.64	2.93
2.75	2.90
2.20	4.49
1.50	5.81
-0.64	0.77
-1.32	1.50
0.63	2.93
2.74	2.91
2.21	4.48
1.51	5.81
-0.63	0.78
-1.31	1.51
0.62	2.94
2.73	2.92
2.22	4.48
1.52	5.80
-0.62	0.79
-1.30	1.52
0.61	2.94
2.72	2.93
2.23	4.47
1.53	5.80
-0.61	0.79
-1.29	1.52
0.60	2.94
2.71	2.94
2.24	4.47
1.54	5.80
-0.60	0.80
-1.28	1.53
0.59	2.94
2.70	2.95
2.25	4.46
1.55	5.80
-0.59	0.81
-1.27	1.54
0.58	2.94
2.69	2.96
2.26	4.46
1.56	5.79
-0.58	0.82
-1.26	1.55
0.57	2.95
2.68	2.97
2.27	4.45
1.57	5.79
-0.57	0.82
-1.25	1.56
0.56	2.95
2.67	2.98
2.28	4.45
1.58	5.79
-0.56	0.83
-1.24	1.57
0.55	2.95
2.66	2.99
2.29	4.44
1.59	5.79
-0.55	0.84
-1.23	1.57
0.54	2.95
2.65	2.99
2.30	4.44
1.60	5.78
-0.54	0.84
-1.22	1.58
0.53	2.95
2.64	3.00
2.31	4.43
1.61	5.78
-0.53	0.85
-1.21	1.59
0.52	2.95
2.63	3.01
2.32	4.43
1.62	5.78
-0.52	0.86
-1.20	1.60
0.51	2.96
2.62	3.02
2.33	4.42
1.63	5.78
-0.51	0.86
-1.19	1.60
0.50	2.96
2.61	3.03
2.34	4.42
1.64	5.77
-0.50	0.87
-1.18	1.61
0.49	2.96
2.60	3.04
2.35	4.41
1.65	5.77
-0.49	0.87
-1.17	1.62
0.48	2.96
2.59	3.05
2.36	4.41
1.66	5.77
-0.48	0.88
-1.16	1.63
0.47	2.96
2.58	3.06
2.37	4.40
1.67	5.76
-0.47	0.88
-1.15	1.63
0.46	2.96
2.57	3.06
2.38	4.39
1.68	5.76
-0.46	0.89
-1.14	1.64
0.45	2.97
2.56	3.07
2.39	4.39
1.69	5.76
-0.45	0.89
-1.13	1.65
0.44	2.97
2.55	3.08
2.40	4.38
1.70	5.75
-0.44	0.90
-1.12	1.65
0.43	2.97
2.54	3.09
2.41	4.38
1.71	5.75
-0.43	0.90
-1.11	1.66
0.42	2.97
2.53	3.10
2.42	4.37
1.72	5.75
-0.42	0.91
-1.10	1.67
0.41	2.97
2.52	3.11
2.43	4.37
1.73	5.75
-0.41	0.91
-1.09	1.67
0.40	2.97
2.51	3.11
2.44	4.36
1.74	5.74
-0.40	0.92
-1.08	1.68
0.39	2.97
2.50	3.12
2.45	4.36
1.75	5.74
-0.39	0.92
-1.07	1.69
0.38	2.98
2.49	3.13
2.46	4.35
1.76	5.74
-0.38	0.93
-1.06	1.69
0.37	2.98
2.48	3.14
2.47	4.34
1.77	5.73
-0.37	0.93
-1.05	1.70
0.36	2.98
2.47	3.15
2.48	4.34
1.78	5.73
-0.36	0.93
-1.04	1.71
0.35	2.98
2.46	3.15
2.49	4.33
1.79	5.73
-0.35	0.94
-1.03	1.71
0.34	2.98
2.45	3.16
2.50	4.33
1.80	5.72
-0.34	0.94
-1.02	1.72
0.33	2.98
2.44	3.17
2.51	4.32
1.81	5.72
-0.33	0.94
-1.01	1.72
0.32	2.98
2.43	3.18
2.52	4.32
1.82	5.72
-0.32	0.95
-1.00	1.73
0.31	2.98
2.42	3.18
2.53	4.31
1.83	5.71
-0.31	0.95
-0.99	1.74
0.30	2.99
2.41	3.19
2.54	4.30
1.84	5.71
-0.30	0.95
-0.98	1.74
0.29	2.99
2.40	3.20
2.55	4.30
1.85	5.71
-0.29	0.96
-0.97	1.75
0.28	2.99
2.39	3.21
2.56	4.29
1.86	5.71
-0.28	0.96
-0.96	1.75
0.27	2.99
2.38	3.21
2.57	4.29
1.87	5.70
-0.27	0.96
-0.95	1.76
0.26	2.99
2.37	3.22
2.58	4.28
1.88	5.70
-0.26	0.97
-0.94	1.76
0.25	2.99
2.36	3.23
2.59	4.27
1.89	5.70
-0.25	0.97
-0.93	1.77
0.24	2.99
2.35	3.24
2.60	4.27
1.90	5.69
-0.24	0.97
-0.92	1.77
0.23	2.99
2.34	3.24
2.61	4.26
1.91	5.69
-0.23	0.97
-0.91	1.78
0.22	2.99
2.33	3.25
2.62	4.26
1.92	5.69
-0.22	0.98
-0.90	1.78
0.21	2.99
2.32	3.26
2.63	4.25
1.93	5.68
-0.21	0.98
-0.89	1.79
0.20	2.99
2.31	3.26
2.64	4.24
1.94	5.68
-0.20	0.98
-0.88	1.79
0.19	2.99
2.30	3.27
2.65	4.24
1.95	5.68
-0.19	0.98
-0.87	1.80
0.18	2.99
2.29	3.28
2.66	4.23
1.96	5.67
-0.18	0.98
-0.86	1.80
0.17	3.00
2.28	3.29
2.67	4.22
1.97	5.67
-0.17	0.99
-0.85	1.81
0.16	3.00
2.27	3.29
2.68	4.22
1.98	5.66
-0.16	0.99
-0.84	1.81
0.15	3.00
2.26	3.30
2.69	4.21
1.99	5.66
-0.15	0.99
-0.83	1.82
0.14	3.00
2.25	3.31
2.70	4.21
2.00	5.66
-0.14	0.99
-0.82	1.82
0.13	3.00
2.24	3.31
2.71	4.20
2.01	5.65
-0.13	0.99
-0.81	1.83
0.12	3.00
2.23	3.32
2.72	4.19
2.02	5.65
-0.12	0.99
-0.80	1.83
0.11	3.00
2.22	3.33
2.73	4.19
2.03	5.65
-0.11	0.99
-0.79	1.84
0.10	3.00
2.21	3.33
2.74	4.18
2.04	5.64
-0.10	1.00
-0.78	1.84
0.09	3.00
2.20	3.34
2.75	4.17
2.05	5.64
-0.09	1.00
-0.77	1.84
0.08	3.00
2.19	3.35
2.76	4.17
2.06	5.64
-0.08	1.00
-0.76	1.85
0.07	3.00
2.18	3.35
2.77	4.16
2.07	5.63
-0.07	1.00
-0.75	1.85
0.06	3.00
2.17	3.36
2.78	4.15
2.08	5.63
-0.06	1.00
-0.74	1.86
0.05	3.00
2.16	3.37
2.79	4.15
2.09	5.63
-0.05	1.00
-0.73	1.86
0.04	3.00
2.15	3.37
2.80	4.14
2.10	5.62
-0.04	1.00
-0.72	1.86
0.03	3.00
2.14	3.38
2.81	4.13
2.11	5.62
-0.03	1.00
-0.71	1.87
0.02	3.00
2.13	3.38
2.82	4.13
2.12	5.61
-0.02	1.00
-0.70	1.87
0.01	3.00
2.12	3.39
2.83	4.12
2.13	5.61
-0.01	1.00
-0.69	1.88
-0.00	3.00
2.11	3.40
2.84	4.11
2.14	5.61
0.00	1.00
-0.68	1.88
-0.01	3.00
2.10	3.40
2.85	4.11
2.15	5.60
0.01	1.00
-0.67	1.88
-0.02	3.00
2.09	3.41
2.86	4.10
2.16	5.60
0.02	1.00
-0.66	1.89
-0.03	3.00
2.08	3.42
2.87	4.09
2.17	5.59
0.03	1.00
-0.65	1.89
-0.04	3.00
2.07	3.42
2.88	4.08
2.18	5.59
0.04	1.00
-0.64	1.89
-0.05	3.00
2.06	3.43
2.89	4.08
2.19	5.59
0.05	1.00
-0.63	1.90
-0.06	3.00
2.05	3.43
2.90	4.07
2.20	5.58
0.06	1.00
-0.62	1.90
-0.07	3.00
2.04	3.44
2.91	4.06
2.21	5.58
0.07	1.00
-0.61	1.90
-0.08	3.00
2.03	3.45
2.92	4.06
2.22	5.58
0.08	1.00
-0.60	1.91
-0.09	3.00
2.02	3.45
2.93	4.05
2.23	5.57
0.09	1.00
-0.59	1.91
-0.10	3.00
2.01	3.46
2.94	4.04
2.24	5.57
0.10	0.99
-0.58	1.91
-0.11	3.00
2.00	3.46
2.95	4.03
2.25	5.56
0.11	0.99
-0.57	1.92
-0.12	3.00
1.99	3.47
2.96	4.03
2.26	5.56
0.12	0.99
-0.56	1.92
-0.13	3.00
1.98	3.47
2.97	4.02
2.27	5.56
0.13	0.99
-0.55	1.92
-0.14	3.00
1.97	3.48
2.98	4.01
2.28	5.55
0.14	0.99
-0.54	1.92
-0.15	3.00
1.96	3.49
2.99	4.00
2.29	5.55
0.15	0.99
-0.53	1.93
-0.16	3.00
1.95	3.49
3.00	4.00
2.30	5.54
0.16	0.99
-0.52	1.93
-0.17	3.00
1.94	3.50
3.01	3.99
2.31	5.54
0.17	0.98
-0.51	1.93
-0.18	2.99
1.93	3.50
3.02	3.98
2.32	5.53
0.18	0.98
-0.50	1.94
-0.19	2.99
1.92	3.51
3.03	3.97
2.33	5.53
0.19	0.98
-0.49	1.94
-0.20	2.99
1.91	3.51
3.04	3.97
2.34	5.53
0.20	0.98
-0.48	1.94
-0.21	2.99
1.90	3.52
3.05	3.96
2.35	5.52
0.21	0.98
-0.47	1.94
-0.22	2.99
1.89	3.52
3.06	3.95
2.36	5.52
0.22	0.97
-0.46	1.95
-0.23	2.99
1.88	3.53
3.07	3.94
2.37	5.51
0.23	0.97
-0.45	1.95
-0.24	2.99
1.87	3.54
3.08	3.94
2.38	5.51
0.24	0.97
-0.44	1.95
-0.25	2.99
1.86	3.54
3.09	3.93
2.39	5.50
0.25	0.97
-0.43	1.95
-0.26	2.99
1.85	3.55
3.10	3.92
2.40	5.50
0.26	0.96
-0.42	1.95
-0.27	2.99
1.84	3.55
3.11	3.91
2.41	5.50
0.27	0.96
-0.41	1.96
-0.28	2.99
1.83	3.56
3.12	3.90
2.42	5.49
0.28	0.96
-0.40	1.96
-0.29	2.99
1.82	3.56
3.13	3.90
2.43	5.49
0.29	0.96
-0.39	1.96
-0.30	2.98
1.81	3.57
3.14	3.89
2.44	5.48
0.30	0.95
-0.38	1.96
-0.31	2.98
1.80	3.57
3.15	3.88
2.45	5.48
0.31	0.95
-0.37	1.96
-0.32	2.98
1.79	3.58
3.16	3.87
2.46	5.47
0.32	0.95
-0.36	1.97
-0.33	2.98
1.78	3.58
3.17	3.86
2.47	5.47
0.33	0.94
-0.35	1.97
-0.34	2.98
1.77	3.59
3.18	3.85
2.48	5.46
0.34	0.94
-0.34	1.97
-0.35	2.98
1.76	3.59
3.19	3.85
2.49	5.46
0.35	0.94
-0.33	1.97
-0.36	2.98
1.75	3.60
3.20	3.84
2.50	5.46
0.36	0.93
-0.32	1.97
-0.37	2.98
1.74	3.60
3.21	3.83
2.51	5.45
0.37	0.93
-0.31	1.98
-0.38	2.98
1.73	3.61
3.22	3.82
2.52	5.45
0.38	0.92
-0.30	1.98
-0.39	2.97
1.72	3.61
3.23	3.81
2.53	5.44
0.39	0.92
-0.29	1.98
-0.40	2.97
1.71	3.62
3.24	3.80
2.54	5.44
0.40	0.92
-0.28	1.98
-0.41	2.97
1.70	3.62
3.25	3.80
2.55	5.43
0.41	0.91
-0.27	1.98
-0.42	2.97
1.69	3.62
3.26	3.79
2.56	5.43
0.42	0.91
-0.26	1.98
-0.43	2.97
1.68	3.63
3.27	3.78
2.57	5.42
0.43	0.90
-0.25	1.98
-0.44	2.97
1.67	3.63
3.28	3.77
2.58	5.42
0.44	0.90
-0.24	1.99
-0.45	2.97
1.66	3.64
3.29	3.76
2.59	5.41
0.45	0.89
-0.23	1.99
-0.46	2.96
1.65	3.64
3.30	3.75
2.60	5.41
0.46	0.89
-0.22	1.99
-0.47	2.96
1.64	3.65
3.31	3.74
2.61	5.40
0.47	0.88
-0.21	1.99
-0.48	2.96
1.63	3.65
3.32	3.73
2.62	5.40
0.48	0.88
-0.20	1.99
-0.49	2.96
1.62	3.66
3.33	3.73
2.63	5.39
0.49	0.87
-0.19	1.99
-0.50	2.96
1.61	3.66
3.34	3.72
2.64	5.39
0.50	0.86
-0.18	1.99
-0.51	2.96
1.60	3.67
3.35	3.71
2.65	5.38
0.51	0.86
-0.17	1.99
-0.52	2.95
1.59	3.67
3.36	3.70
2.66	5.38
0.52	0.85
-0.16	1.99
-0.53	2.95
1.58	3.67
3.37	3.69
2.67	5.37
0.53	0.85
-0.15	1.99
-0.54	2.95
1.57	3.68
3.38	3.68
2.68	5.37
0.54	0.84
-0.14	1.99
-0.55	2.95
1.56	3.68
3.39	3.67
2.69	5.36
0.55	0.83
-0.13	2.00
-0.56	2.95
1.55	3.69
3.40	3.66
2.70	5.36
0.56	0.83
-0.12	2.00
-0.57	2.95
1.54	3.69
3.41	3.65
2.71	5.35
0.57	0.82
-0.11	2.00
-0.58	2.94
1.53	3.70
3.42	3.64
2.72	5.35
0.58	0.81
-0.10	2.00
-0.59	2.94
1.52	3.70
3.43	3.63
2.73	5.34
0.59	0.81
-0.09	2.00
-0.60	2.94
1.51	3.70
3.44	3.62
2.74	5.34
0.60	0.80
-0.08	2.00
-0.61	2.94
1.50	3.71
3.45	3.61
2.75	5.33
0.61	0.79
-0.07	2.00
-0.62	2.93
1.49	3.71
3.46	3.61
2.76	5.33
0.62	0.78
-0.06	2.00
-0.63	2.93
1.48	3.72
3.47	3.60
2.77	5.32
0.63	0.77
-0.05	2.00
-0.64	2.93
1.47	3.72
3.48	3.59
2.78	5.32
0.64	0.77
-0.04	2.00
-0.65	2.93
1.46	3.72
3.49	3.58
2.79	5.31
0.65	0.76
-0.03	2.00
-0.66	2.93
1.45	3.73
3.50	3.57
2.80	5.31
0.66	0.75
-0.02	2.00
-0.67	2.92
1.44	3.73
3.51	3.56
2.81	5.30
0.67	0.74
-0.01	2.00
-0.68	2.92
1.43	3.74
3.52	3.55
2.82	5.30
0.68	0.73
-0.00	2.00
-0.69	2.92
1.42	3.74
3.53	3.54
2.83	5.29
0.69	0.72
0.01	2.00
-0.70	2.92
1.41	3.74
3.54	3.53
2.84	5.29
0.70	0.71
0.02	2.00
-0.71	2.91
1.40	3.75
3.53	3.54
2.85	5.28
0.71	0.70
0.03	2.00
-0.72	2.91
1.39	3.75
3.52	3.55
2.86	5.28
0.70	0.71
0.04	2.00
-0.73	2.91
1.38	3.75
3.51	3.56
2.87	5.27
0.69	0.72
0.05	2.00
-0.74	2.91
1.37	3.76
3.50	3.57
2.88	5.27
0.68	0.73
0.06	2.00
-0.75	2.90
1.36	3.76
3.49	3.58
2.89	5.26
0.67	0.74
0.07	2.00
-0.76	2.90
1.35	3.76
3.48	3.59
2.90	5.25
0.66	0.75
0.08	2.00
-0.77	2.90
1.34	3.77
3.47	3.60
2.91	5.25
0.65	0.76
0.09	2.00
-0.78	2.90
1.33	3.77
3.46	3.61
2.92	5.24
0.64	0.77
0.10	2.00
-0.79	2.89
1.32	3.78
3.45	3.61
2.93	5.24
0.63	0.77
0.11	2.00
-0.80	2.89
1.31	3.78
3.44	3.62
2.94	5.23
0.62	0.78
0.12	2.00
-0.81	2.89
1.30	3.78
3.43	3.63
2.95	5.23
0.61	0.79
0.13	2.00
-0.82	2.89
1.29	3.79
3.42	3.64
2.96	5.22
0.60	0.80
0.14	2.00
-0.83	2.88
1.28	3.79
3.41	3.65
2.97	5.21
0.59	0.81
0.15	1.99
-0.84	2.88
1.27	3.79
3.40	3.66
2.98	5.21
0.58	0.81
0.16	1.99
-0.85	2.88
1.26	3.80
3.39	3.67
2.99	5.20
0.57	0.82
0.17	1.99
-0.86	2.87
1.25	3.80
3.38	3.68
3.00	5.20
0.56	0.83
0.18	1.99
-0.87	2.87
1.24	3.80
3.37	3.69
3.01	5.19
0.55	0.83
0.19	1.99
-0.88	2.87
1.23	3.81
3.36	3.70
3.02	5.19
0.54	0.84
0.20	1.99
-0.89	2.86
1.22	3.81
3.35	3.71
3.03	5.18
0.53	0.85
0.21	1.99
-0.90	2.86
1.21	3.81
3.34	3.72
3.04	5.17
0.52	0.85
0.22	1.99
-0.91	2.86
1.20	3.82
3.33	3.73
3.05	5.17
0.51	0.86
0.23	1.99
-0.92	2.86
1.19	3.82
3.32	3.73
3.06	5.16
0.50	0.86
0.24	1.99
-0.93	2.85
1.18	3.82
3.31	3.74
3.07	5.16
0.49	0.87
0.25	1.98
-0.94	2.85
1.17	3.82
3.30	3.75
3.08	5.15
0.48	0.88
0.26	1.98
-0.95	2.85
1.16	3.83
3.29	3.76
3.09	5.14
0.47	0.88
0.27	1.98
-0.96	2.84
1.15	3.83
3.28	3.77
3.10	5.14
0.46	0.89
0.28	1.98
-0.97	2.84
1.14	3.83
3.27	3.78
3.11	5.13
0.45	0.89
0.29	1.98
-0.98	2.83
1.13	3.84
3.26	3.79
3.12	5.13
0.44	0.90
0.30	1.98
-0.99	2.83
1.12	3.84
3.25	3.80
3.13	5.12
0.43	0.90
0.31	1.98
-1.00	2.83
1.11	3.84
3.24	3.80
3.14	5.11
0.42	0.91
0.32	1.97
-1.01	2.82
1.10	3.85
3.23	3.81
3.15	5.11
0.41	0.91
0.33	1.97
-1.02	2.82
1.09	3.85
3.22	3.82
3.16	5.10
0.40	0.92
0.34	1.97
-1.03	2.82
1.08	3.85
3.21	3.83
3.17	5.10
0.39	0.92
0.35	1.97
-1.04	2.81
1.07	3.85
3.20	3.84
3.18	5.09
0.38	0.92
0.36	1.97
-1.05	2.81
1.06	3.86
3.19	3.85
3.19	5.08
0.37	0.93
0.37	1.97
-1.06	2.81
1.05	3.86
3.18	3.85
3.20	5.08
0.36	0.93
0.38	1.96
-1.07	2.80
1.04	3.86
3.17	3.86
3.21	5.07
0.35	0.94
0.39	1.96
-1.08	2.80
1.03	3.86
3.16	3.87
3.22	5.06
0.34	0.94
0.40	1.96
-1.09	2.79
1.02	3.87
3.15	3.88
3.23	5.06
0.33	0.94
0.41	1.96
-1.10	2.79
1.01	3.87
3.14	3.89
3.24	5.05
0.32	0.95
0.42	1.96
-1.11	2.79
1.00	3.87
3.13	3.90
3.25	5.05
0.31	0.95
0.43	1.95
-1.12	2.78
0.99	3.88
3.12	3.90
3.26	5.04
0.30	0.95
0.44	1.95
-1.13	2.78
0.98	3.88
3.11	3.91
3.27	5.03
0.29	0.96
0.45	1.95
-1.14	2.77
0.97	3.88
3.10	3.92
3.28	5.03
0.28	0.96
0.46	1.95
-1.15	2.77
0.96	3.88
3.09	3.93
3.29	5.02
0.27	0.96
0.47	1.95
-1.16	2.77
0.95	3.89
3.08	3.94
3.30	5.01
0.26	0.96
0.48	1.94
-1.17	2.76
0.94	3.89
3.07	3.94
3.31	5.01
0.25	0.97
0.49	1.94
-1.18	2.76
0.93	3.89
3.06	3.95
3.32	5.00
0.24	0.97
0.50	1.94
-1.19	2.75
0.92	3.89
3.05	3.96
3.33	4.99
0.23	0.97
0.51	1.93
-1.20	2.75
0.91	3.89
3.04	3.97
3.34	4.99
0.22	0.97
0.52	1.93
-1.21	2.74
0.90	3.90
3.03	3.97
3.35	4.98
0.21	0.98
0.53	1.93
-1.22	2.74
0.89	3.90
3.02	3.98
3.36	4.97
0.20	0.98
0.54	1.93
-1.23	2.74
0.88	3.90
3.01	3.99
3.37	4.97
0.19	0.98
0.55	1.92
-1.24	2.73
0.87	3.90
3.00	4.00
3.38	4.96
0.18	0.98
0.56	1.92
-1.25	2.73
0.86	3.91
2.99	4.00
3.39	4.95
0.17	0.98
0.57	1.92
-1.26	2.72
0.85	3.91
2.98	4.01
3.40	4.95
0.16	0.99
0.58	1.92
-1.27	2.72
0.84	3.91
2.97	4.02
3.41	4.94
0.15	0.99
0.59	1.91
-1.28	2.71
0.83	3.91
2.96	4.03
3.42	4.93
0.14	0.99
0.60	1.91
-1.29	2.71
0.82	3.91
2.95	4.03
3.43	4.92
0.13	0.99
0.61	1.91
-1.30	2.70
0.81	3.92
2.94	4.04
3.44	4.92
0.12	0.99
0.62	1.90
-1.31	2.70
0.80	3.92
2.93	4.05
3.45	4.91
0.11	0.99
0.63	1.90
-1.32	2.69
0.79	3.92
2.92	4.06
3.46	4.90
0.10	0.99
0.64	1.90
-1.33	2.69
0.78	3.92
2.91	4.06
3.47	4.90
0.09	1.00
0.65	1.89
-1.34	2.68
0.77	3.92
2.90	4.07
3.48	4.89
0.08	1.00
0.66	1.89
-1.35	2.68
0.76	3.93
2.89	4.08
3.49	4.88
0.07	1.00
0.67	1.89
-1.36	2.67
0.75	3.93
2.88	4.08
3.50	4.88
0.06	1.00
0.68	1.88
-1.37	2.67
0.74	3.93
2.87	4.09
3.51	4.87
0.05	1.00
0.69	1.88
-1.38	2.66
0.73	3.93
2.86	4.10
3.52	4.86
0.04	1.00
0.70	1.88
-1.39	2.66
0.72	3.93
2.85	4.11
3.53	4.85
0.03	1.00
0.71	1.87
-1.40	2.65
0.71	3.94
2.84	4.11
3.54	4.85
0.02	1.00
0.72	1.87
-1.41	2.65
0.70	3.94
2.83	4.12
3.55	4.84
0.01	1.00
0.73	1.86
-1.42	2.64
0.69	3.94
2.82	4.13
3.56	4.83
0.00	1.00
0.74	1.86
-1.43	2.64
0.68	3.94
2.81	4.13
3.57	4.82
-0.01	1.00
0.75	1.86
-1.44	2.63
0.67	3.94
2.80	4.14
3.58	4.82
-0.02	1.00
0.76	1.85
-1.45	2.63
0.66	3.94
2.79	4.15
3.59	4.81
-0.03	1.00
0.77	1.85
-1.46	2.62
0.65	3.95
2.78	4.15
3.60	4.80
-0.04	1.00
0.78	1.84
-1.47	2.61
0.64	3.95
2.77	4.16
3.61	4.79
-0.05	1.00
0.79	1.84
-1.48	2.61
0.63	3.95
2.76	4.17
3.62	4.79
-0.06	1.00
0.80	1.83
-1.49	2.60
0.62	3.95
2.75	4.17
3.63	4.78
-0.07	1.00
0.81	1.83
-1.50	2.60
0.61	3.95
2.74	4.18
3.64	4.77
-0.08	1.00
0.82	1.83
-1.51	2.59
0.60	3.95
2.73	4.19
3.65	4.76
-0.09	1.00
0.83	1.82
-1.52	2.59
0.59	3.96
2.72	4.19
3.66	4.76
-0.10	1.00
0.84	1.82
-1.53	2.58
0.58	3.96
2.71	4.20
3.67	4.75
-0.11	0.99
0.85	1.81
-1.54	2.57
0.57	3.96
2.70	4.21
3.68	4.74
-0.12	0.99
0.86	1.81
-1.55	2.57
0.56	3.96
2.69	4.21
3.69	4.73
-0.13	0.99
0.87	1.80
-1.56	2.56
0.55	3.96
2.68	4.22
3.70	4.73
-0.14	0.99
0.88	1.80
-1.57	2.56
0.54	3.96
2.67	4.22
3.71	4.72
-0.15	0.99
0.89	1.79
-1.58	2.55
0.53	3.96
2.66	4.23
3.72	4.71
-0.16	0.99
0.90	1.79
-1.59	2.54
0.52	3.97
2.65	4.24
3.73	4.70
-0.17	0.99
0.91	1.78
-1.60	2.54
0.51	3.97
2.64	4.24
3.74	4.69
-0.18	0.98
0.92	1.78
-1.61	2.53
0.50	3.97
2.63	4.25
3.75	4.69
-0.19	0.98
0.93	1.77
-1.62	2.52
0.49	3.97
2.62	4.26
3.76	4.68
-0.20	0.98
0.94	1.77
-1.63	2.52
0.48	3.97
2.61	4.26
3.77	4.67
-0.21	0.98
0.95	1.76
-1.64	2.51
0.47	3.97
2.60	4.27
3.78	4.66
-0.22	0.98
0.96	1.76
-1.65	2.50
0.46	3.97
2.59	4.27
3.79	4.65
-0.23	0.97
0.97	1.75
-1.66	2.50
0.45	3.97
2.58	4.28
3.80	4.65
-0.24	0.97
0.98	1.75
-1.67	2.49
0.44	3.98
2.57	4.29
3.81	4.64
-0.25	0.97
0.99	1.74
-1.68	2.48
0.43	3.98
2.56	4.29
3.82	4.63
-0.26	0.97
1.00	1.73
-1.69	2.48
0.42	3.98
2.55	4.30
3.83	4.62
-0.27	0.96
1.01	1.73
-1.70	2.47
0.41	3.98
2.54	4.30
3.84	4.61
-0.28	0.96
1.02	1.72
-1.71	2.46
0.40	3.98
2.53	4.31
3.85	4.60
-0.29	0.96
1.03	1.72
-1.72	2.46
0.39	3.98
2.52	4.32
3.86	4.60
-0.30	0.95
1.04	1.71
-1.73	2.45
0.38	3.98
2.51	4.32
3.87	4.59
-0.31	0.95
1.05	1.70
-1.74	2.44
0.37	3.98
2.50	4.33
3.88	4.58
-0.32	0.95
1.06	1.70
-1.75	2.44
0.36	3.98
2.49	4.33
3.89	4.57
-0.33	0.94
1.07	1.69
-1.76	2.43
0.35	3.98
2.48	4.34
3.90	4.56
-0.34	0.94
1.08	1.69
-1.77	2.42
0.34	3.99
2.47	4.34
3.91	4.55
-0.35	0.94
1.09	1.68
-1.78	2.41
0.33	3.99
2.46	4.35
3.92	4.54
-0.36	0.93
1.10	1.67
-1.79	2.41
0.32	3.99
2.45	4.36
3.93	4.54
-0.37	0.93
1.11	1.67
-1.80	2.40
0.31	3.99
2.44	4.36
3.94	4.53
-0.38	0.93
1.12	1.66
-1.81	2.39
0.30	3.99
2.43	4.37
3.95	4.52
-0.39	0.92
1.13	1.65
-1.82	2.38
0.29	3.99
2.42	4.37
3.96	4.51
-0.40	0.92
1.14	1.65
-1.83	2.38
0.28	3.99
2.41	4.38
3.97	4.50
-0.41	0.91
1.15	1.64
-1.84	2.37
0.27	3.99
2.40	4.38
3.98	4.49
-0.42	0.91
1.16	1.63
-1.85	2.36
0.26	3.99
2.39	4.39
3.99	4.48
-0.43	0.90
1.17	1.63
-1.86	2.35
0.25	3.99
2.38	4.39
4.00	4.47
-0.44	0.90
1.18	1.62
-1.87	2.34
0.24	3.99
2.37	4.40
4.01	4.47
-0.45	0.89
1.19	1.61
-1.88	2.34
0.23	3.99
2.36	4.41
4.02	4.46
-0.46	0.89
1.20	1.60
-1.89	2.33
0.22	3.99
2.35	4.41
4.03	4.45
-0.47	0.88
1.21	1.60
-1.90	2.32
0.21	3.99
2.34	4.42
4.04	4.44
-0.48	0.88
1.22	1.59
-1.91	2.31
0.20	3.99
2.33	4.42
4.05	4.43
-0.49	0.87
1.23	1.58
-1.92	2.30
0.19	4.00
2.32	4.43
4.06	4.42
-0.50	0.87
1.24	1.57
-1.93	2.30
0.18	4.00
2.31	4.43
4.07	4.41
-0.51	0.86
1.25	1.56
-1.94	2.29
0.17	4.00
2.30	4.44
4.08	4.40
-0.52	0.86
1.26	1.56
-1.95	2.28
0.16	4.00
2.29	4.44
4.09	4.39
-0.53	0.85
1.27	1.55
-1.96	2.27
0.15	4.00
2.28	4.45
4.10	4.38
-0.54	0.84
1.28	1.54
-1.97	2.26
0.14	4.00
2.27	4.45
4.11	4.37
-0.55	0.84
1.29	1.53
-1.98	2.25
0.13	4.00
2.26	4.46
4.12	4.36
-0.56	0.83
1.30	1.52
-1.99	2.24
0.12	4.00
2.25	4.46
4.13	4.35
-0.57	0.82
1.31	1.51
-2.00	2.23
0.11	4.00
2.24	4.47
4.14	4.35
-0.58	0.82
1.32	1.51
-2.01	2.23
0.10	4.00
2.23	4.47
4.15	4.34
-0.59	0.81
1.33	1.50
-2.02	2.22
0.09	4.00
2.22	4.48
4.16	4.33
-0.60	0.80
1.34	1.49
-2.03	2.21
0.08	4.00
2.21	4.48
4.17	4.32
-0.61	0.79
1.35	1.48
-2.04	2.20
0.07	4.00
2.20	4.49
4.18	4.31
-0.62	0.79
1.36	1.47
-2.05	2.19
0.06	4.00
2.19	4.49
4.19	4.30
-0.63	0.78
1.37	1.46
-2.06	2.18
0.05	4.00
2.18	4.50
4.20	4.29
-0.64	0.77
1.38	1.45
-2.07	2.17
0.04	4.00
2.17	4.50
4.21	4.28
-0.65	0.76
1.39	1.44
-2.08	2.16
0.03	4.00
2.16	4.51
4.22	4.27
-0.66	0.75
1.40	1.43
-2.09	2.15
0.02	4.00
2.15	4.51
4.23	4.26
-0.67	0.74
1.41	1.42
-2.10	2.14
0.01	4.00
2.14	4.52
4.24	4.25
-0.68	0.74
1.42	1.41
-2.11	2.13
0.00	4.00
2.13	4.52
4.25	4.24
-0.69	0.73
1.41	1.42
-2.12	2.12
-0.01	4.00
2.12	4.53
4.24	4.25
-0.70	0.72
1.40	1.43
-2.11	2.13
-0.02	4.00
2.11	4.53
4.23	4.26
-0.71	0.71
1.39	1.44
-2.10	2.14
-0.03	4.00
2.10	4.54
4.22	4.27
-0.70	0.72
1.38	1.45
-2.09	2.15
-0.04	4.00
2.09	4.54
4.21	4.28
-0.69	0.73
1.37	1.46
-2.08	2.16
-0.05	4.00
2.08	4.54
4.20	4.29
-0.68	0.74
1.36	1.47
-2.07	2.17
-0.06	4.00
2.07	4.55
4.19	4.30
-0.67	0.74
1.35	1.48
-2.06	2.18
-0.07	4.00
2.06	4.55
4.18	4.31
-0.66	0.75
1.34	1.49
-2.05	2.19
-0.08	4.00
2.05	4.56
4.17	4.32
-0.65	0.76
1.33	1.50
-2.04	2.20
-0.09	4.00
2.04	4.56
4.16	4.33
-0.64	0.77
1.32	1.51
-2.03	2.21
-0.10	4.00
2.03	4.57
4.15	4.34
-0.63	0.78
1.31	1.51
-2.02	2.22
-0.11	4.00
2.02	4.57
4.14	4.35
-0.62	0.79
1.30	1.52
-2.01	2.23
-0.12	4.00
2.01	4.58
4.13	4.35
-0.61	0.79
1.29	1.53
-2.00	2.23
-0.13	4.00
2.00	4.58
4.12	4.36
-0.60	0.80
1.28	1.54
-1.99	2.24
-0.14	4.00
1.99	4.58
4.11	4.37
-0.59	0.81
1.27	1.55
-1.98	2.25
-0.15	4.00
1.98	4.59
4.10	4.38
-0.58	0.82
1.26	1.56
-1.97	2.26
-0.16	4.00
1.97	4.59
4.09	4.39
-0.57	0.82
1.25	1.56
-1.96	2.27
-0.17	4.00
1.96	4.60
4.08	4.40
-0.56	0.83
1.24	1.57
-1.95	2.28
-0.18	4.00
1.95	4.60
4.07	4.41
-0.55	0.84
1.23	1.58
-1.94	2.29
-0.19	4.00
1.94	4.61
4.06	4.42
-0.54	0.84
1.22	1.59
-1.93	2.30
-0.20	4.00
1.93	4.61
4.05	4.43
-0.53	0.85
1.21	1.60
-1.92	2.30
-0.21	3.99
1.92	4.61
4.04	4.44
-0.52	0.86
1.20	1.60
-1.91	2.31
-0.22	3.99
1.91	4.62
4.03	4.45
-0.51	0.86
1.19	1.61
-1.90	2.32
-0.23	3.99
1.90	4.62
4.02	4.46
-0.50	0.87
1.18	1.62
-1.89	2.33
-0.24	3.99
1.89	4.63
4.01	4.47
-0.49	0.87
1.17	1.63
-1.88	2.34
-0.25	3.99
1.88	4.63
4.00	4.47
-0.48	0.88
1.16	1.63
-1.87	2.34
-0.26	3.99
1.87	4.64
3.99	4.48
-0.47	0.88
1.15	1.64
-1.86	2.35
-0.27	3.99
1.86	4.64
3.98	4.49
-0.46	0.89
1.14	1.65
-1.85	2.36
-0.28	3.99
1.85	4.64
3.97	4.50
-0.45	0.89
1.13	1.65
-1.84	2.37
-0.29	3.99
1.84	4.65
3.96	4.51
-0.44	0.90
1.12	1.66
-1.83	2.38
-0.30	3.99
1.83	4.65
3.95	4.52
-0.43	0.90
1.11	1.67
-1.82	2.38
-0.31	3.99
1.82	4.66
3.94	4.53
-0.42	0.91
1.10	1.67
-1.81	2.39
-0.32	3.99
1.81	4.66
3.93	4.54
-0.41	0.91
1.09	1.68
-1.80	2.40
-0.33	3.99
1.80	4.66
3.92	4.54
-0.40	0.92
1.08	1.69
-1.79	2.41
-0.34	3.99
1.79	4.67
3.91	4.55
-0.39	0.92
1.07	1.69
-1.78	2.41
-0.35	3.98
1.78	4.67
3.90	4.56
-0.38	0.93
1.06	1.70
-1.77	2.42
-0.36	3.98
1.77	4.67
3.89	4.57
-0.37	0.93
1.05	1.70
-1.76	2.43
-0.37	3.98
1.76	4.68
3.88	4.58
-0.36	0.93
1.04	1.71
-1.75	2.44
-0.38	3.98
1.75	4.68
3.87	4.59
-0.35	0.94
1.03	1.72
-1.74	2.44
-0.39	3.98
1.74	4.69
3.86	4.60
-0.34	0.94
1.02	1.72
-1.73	2.45
-0.40	3.98
1.73	4.69
3.85	4.60
-0.33	0.94
1.01	1.73
-1.72	2.46
-0.41	3.98
1.72	4.69
3.84	4.61
-0.32	0.95
1.00	1.73
-1.71	2.46
-0.42	3.98
1.71	4.70
3.83	4.62
-0.31	0.95
0.99	1.74
-1.70	2.47
-0.43	3.98
1.70	4.70
3.82	4.63
-0.30	0.95
0.98	1.75
-1.69	2.48
-0.44	3.98
1.69	4.70
3.81	4.64
-0.29	0.96
0.97	1.75
-1.68	2.48
-0.45	3.97
1.68	4.71
3.80	4.65
-0.28	0.96
0.96	1.76
-1.67	2.49
-0.46	3.97
1.67	4.71
3.79	4.65
-0.27	0.96
0.95	1.76
-1.66	2.50
-0.47	3.97
1.66	4.71
3.78	4.66
-0.26	0.97
0.94	1.77
-1.65	2.50
-0.48	3.97
1.65	4.72
3.77	4.67
-0.25	0.97
0.93	1.77
-1.64	2.51
-0.49	3.97
1.64	4.72
3.76	4.68
-0.24	0.97
0.92	1.78
-1.63	2.52
-0.50	3.97
1.63	4.73
3.75	4.69
-0.23	0.97
0.91	1.78
-1.62	2.52
-0.51	3.97
1.62	4.73
3.74	4.69
-0.22	0.98
0.90	1.79
-1.61	2.53
-0.52	3.97
1.61	4.73
3.73	4.70
-0.21	0.98
0.89	1.79
-1.60	2.54
-0.53	3.96
1.60	4.74
3.72	4.71
-0.20	0.98
0.88	1.80
-1.59	2.54
-0.54	3.96
1.59	4.74
3.71	4.72
-0.19	0.98
0.87	1.80
-1.58	2.55
-0.55	3.96
1.58	4.74
3.70	4.73
-0.18	0.98
0.86	1.81
-1.57	2.56
-0.56	3.96
1.57	4.75
3.69	4.73
-0.17	0.99
0.85	1.81
-1.56	2.56
-0.57	3.96
1.56	4.75
3.68	4.74
-0.16	0.99
0.84	1.82
-1.55	2.57
-0.58	3.96
1.55	4.75
3.67	4.75
-0.15	0.99
0.83	1.82
-1.54	2.57
-0.59	3.96
1.54	4.76
3.66	4.76
-0.14	0.99
0.82	1.83
-1.53	2.58
-0.60	3.95
1.53	4.76
3.65	4.76
-0.13	0.99
0.81	1.83
-1.52	2.59
-0.61	3.95
1.52	4.76
3.64	4.77
-0.12	0.99
0.80	1.83
-1.51	2.59
-0.62	3.95
1.51	4.77
3.63	4.78
-0.11	0.99
0.79	1.84
-1.50	2.60
-0.63	3.95
1.50	4.77
3.62	4.79
-0.10	1.00
0.78	1.84
-1.49	2.60
-0.64	3.95
1.49	4.77
3.61	4.79
-0.09	1.00
0.77	1.85
-1.48	2.61
-0.65	3.95
1.48	4.77
3.60	4.80
-0.08	1.00
0.76	1.85
-1.47	2.61
-0.66	3.95
1.47	4.78
3.59	4.81
-0.07	1.00
0.75	1.86
-1.46	2.62
-0.67	3.94
1.46	4.78
3.58	4.82
-0.06	1.00
0.74	1.86
-1.45	2.63
-0.68	3.94
1.45	4.78
3.57	4.82
-0.05	1.00
0.73	1.86
-1.44	2.63
-0.69	3.94
1.44	4.79
3.56	4.83
-0.04	1.00
0.72	1.87
-1.43	2.64
-0.70	3.94
1.43	4.79
3.55	4.84
-0.03	1.00
0.71	1.87
-1.42	2.64
-0.71	3.94
1.42	4.79
3.54	4.85
-0.02	1.00
0.70	1.88
-1.41	2.65
-0.72	3.93
1.41	4.80
3.53	4.85
-0.01	1.00
0.69	1.88
-1.40	2.65
-0.73	3.93
1.40	4.80
3.52	4.86
0.00	1.00
0.68	1.88
-1.39	2.66
-0.74	3.93
1.39	4.80
3.51	4.87
0.01	1.00
0.67	1.89
-1.38	2.66
-0.75	3.93
1.38	4.80
3.50	4.88
0.02	1.00
0.66	1.89
-1.37	2.67
-0.76	3.93
1.37	4.81
3.49	4.88
0.03	1.00
0.65	1.89
-1.36	2.67
-0.77	3.93
1.36	4.81
3.48	4.89
0.04	1.00
0.64	1.90
-1.35	2.68
-0.78	3.92
1.35	4.81
3.47	4.90
0.05	1.00
0.63	1.90
-1.34	2.68
-0.79	3.92
1.34	4.82
3.46	4.90
0.06	1.00
0.62	1.90
-1.33	2.69
-0.80	3.92
1.33	4.82
3.45	4.91
0.07	1.00
0.61	1.91
-1.32	2.69
-0.81	3.92
1.32	4.82
3.44	4.92
0.08	1.00
0.60	1.91
-1.31	2.70
-0.82	3.92
1.31	4.82
3.43	4.92
0.09	1.00
0.59	1.91
-1.30	2.70
-0.83	3.91
1.30	4.83
3.42	4.93
0.10	0.99
0.58	1.92
-1.29	2.71
-0.84	3.91
1.29	4.83
3.41	4.94
0.11	0.99
0.57	1.92
-1.28	2.71
-0.85	3.91
1.28	4.83
3.40	4.95
0.12	0.99
0.56	1.92
-1.27	2.72
-0.86	3.91
1.27	4.83
3.39	4.95
0.13	0.99
0.55	1.92
-1.26	2.72
-0.87	3.90
1.26	4.84
3.38	4.96
0.14	0.99
0.54	1.93
-1.25	2.73
-0.88	3.90
1.25	4.84
3.37	4.97
0.15	0.99
0.53	1.93
-1.24	2.73
-0.89	3.90
1.24	4.84
3.36	4.97
0.16	0.99
0.52	1.93
-1.23	2.74
-0.90	3.90
1.23	4.85
3.35	4.98
0.17	0.98
0.51	1.93
-1.22	2.74
-0.91	3.90
1.22	4.85
3.34	4.99
0.18	0.98
0.50	1.94
-1.21	2.74
-0.92	3.89
1.21	4.85
3.33	4.99
0.19	0.98
0.49	1.94
-1.20	2.75
-0.93	3.89
1.20	4.85
3.32	5.00
0.20	0.98
0.48	1.94
-1.19	2.75
-0.94	3.89
1.19	4.86
3.31	5.01
0.21	0.98
0.47	1.95
-1.18	2.76
-0.95	3.89
1.18	4.86
3.30	5.01
0.22	0.97
0.46	1.95
-1.17	2.76
-0.96	3.88
1.17	4.86
3.29	5.02
0.23	0.97
0.45	1.95
-1.16	2.77
-0.97	3.88
1.16	4.86
3.28	5.03
0.24	0.97
0.44	1.95
-1.15	2.77
-0.98	3.88
1.15	4.86
3.27	5.03
0.25	0.97
0.43	1.95
-1.14	2.77
-0.99	3.88
1.14	4.87
3.26	5.04
0.26	0.96
0.42	1.96
-1.13	2.78
-1.00	3.87
1.13	4.87
3.25	5.05
0.27	0.96
0.41	1.96
-1.12	2.78
-1.01	3.87
1.12	4.87
3.24	5.05
0.28	0.96
0.40	1.96
-1.11	2.79
-1.02	3.87
1.11	4.87
3.23	5.06
0.29	0.96
0.39	1.96
-1.10	2.79
-1.03	3.87
1.10	4.88
3.22	5.06
0.30	0.95
0.38	1.96
-1.09	2.79
-1.04	3.86
1.09	4.88
3.21	5.07
0.31	0.95
0.37	1.97
-1.08	2.80
-1.05	3.86
1.08	4.88
3.20	5.08
0.32	0.95
0.36	1.97
-1.07	2.80
-1.06	3.86
1.07	4.88
3.19	5.08
0.33	0.94
0.35	1.97
-1.06	2.81
-1.07	3.85
1.06	4.89
3.18	5.09
0.34	0.94
0.34	1.97
-1.05	2.81
-1.08	3.85
1.05	4.89
3.17	5.10
0.35	0.94
0.33	1.97
-1.04	2.81
-1.09	3.85
1.04	4.89
3.16	5.10
0.36	0.93
0.32	1.97
-1.03	2.82
-1.10	3.85
1.03	4.89
3.15	5.11
0.37	0.93
0.31	1.98
-1.02	2.82
-1.11	3.84
1.02	4.89
3.14	5.11
0.38	0.92
0.30	1.98
-1.01	2.82
-1.12	3.84
1.01	4.90
3.13	5.12
0.39	0.92
0.29	1.98
-1.00	2.83
-1.13	3.84
1.00	4.90
3.12	5.13
0.40	0.92
0.28	1.98
-0.99	2.83
-1.14	3.83
0.99	4.90
3.11	5.13
0.41	0.91
0.27	1.98
-0.98	2.83
-1.15	3.83
0.98	4.90
3.10	5.14
0.42	0.91
0.26	1.98
-0.97	2.84
-1.16	3.83
0.97	4.90
3.09	5.14
0.43	0.90
0.25	1.98
-0.96	2.84
-1.17	3.83
0.96	4.91
3.08	5.15
0.44	0.90
0.24	1.99
-0.95	2.85
-1.18	3.82
0.95	4.91
3.07	5.16
0.45	0.89
0.23	1.99
-0.94	2.85
-1.19	3.82
0.94	4.91
3.06	5.16
0.46	0.89
0.22	1.99
-0.93	2.85
-1.20	3.82
0.93	4.91
3.05	5.17
0.47	0.88
0.21	1.99
-0.92	2.86
-1.21	3.81
0.92	4.91
3.04	5.17
0.48	0.88
0.20	1.99
-0.91	2.86
-1.22	3.81
0.91	4.92
3.03	5.18
0.49	0.87
0.19	1.99
-0.90	2.86
-1.23	3.81
0.90	4.92
3.02	5.19
0.50	0.86
0.18	1.99
-0.89	2.86
-1.24	3.80
0.89	4.92
3.01	5.19
0.51	0.86
0.17	1.99
-0.88	2.87
-1.25	3.80
0.88	4.92
3.00	5.20
0.52	0.85
0.16	1.99
-0.87	2.87
-1.26	3.80
0.87	4.92
2.99	5.20
0.53	0.85
0.15	1.99
-0.86	2.87
-1.27	3.79
0.86	4.92
2.98	5.21
0.54	0.84
0.14	2.00
-0.85	2.88
-1.28	3.79
0.85	4.93
2.97	5.21
0.55	0.83
0.13	2.00
-0.84	2.88
-1.29	3.79
0.84	4.93
2.96	5.22
0.56	0.83
0.12	2.00
-0.83	2.88
-1.30	3.78
0.83	4.93
2.95	5.23
0.57	0.82
0.11	2.00
-0.82	2.89
-1.31	3.78
0.82	4.93
2.94	5.23
0.58	0.81
0.10	2.00
-0.81	2.89
-1.32	3.78
0.81	4.93
2.93	5.24
0.59	0.81
0.09	2.00
-0.80	2.89
-1.33	3.77
0.80	4.93
2.92	5.24
0.60	0.80
0.08	2.00
-0.79	2.89
-1.34	3.77
0.79	4.94
2.91	5.25
0.61	0.79
0.07	2.00
-0.78	2.90
-1.35	3.77
0.78	4.94
2.90	5.25
0.62	0.78
0.06	2.00
-0.77	2.90
-1.36	3.76
0.77	4.94
2.89	5.26
0.63	0.77
0.05	2.00
-0.76	2.90
-1.37	3.76
0.76	4.94
2.88	5.27
0.64	0.77
0.04	2.00
-0.75	2.90
-1.38	3.75
0.75	4.94
2.87	5.27
0.65	0.76
0.03	2.00
-0.74	2.91
-1.39	3.75
0.74	4.94
2.86	5.28
0.66	0.75
0.02	2.00
-0.73	2.91
-1.40	3.75
0.73	4.95
2.85	5.28
0.67	0.74
0.01	2.00
-0.72	2.91
-1.41	3.74
0.72	4.95
2.84	5.29
0.68	0.73
-0.00	2.00
-0.71	2.91
-1.42	3.74
0.71	4.95
2.83	5.29
0.69	0.72
-0.01	2.00
-0.70	2.92
-1.43	3.74
0.70	4.95
2.82	5.30
0.70	0.71
-0.02	2.00
-0.69	2.92
-1.44	3.73
0.69	4.95
2.81	5.30
0.71	0.70
-0.03	2.00
-0.68	2.92
-1.45	3.73
0.68	4.95
2.80	5.31
0.70	0.71
-0.04	2.00
-0.67	2.92
-1.46	3.72
0.67	4.95
2.79	5.31
0.69	0.72
-0.05	2.00
-0.66	2.93
-1.47	3.72
0.66	4.96
2.78	5.32
0.68	0.73
-0.06	2.00
-0.65	2.93
-1.48	3.72
0.65	4.96
2.77	5.32
0.67	0.74
-0.07	2.00
-0.64	2.93
-1.49	3.71
0.64	4.96
2.76	5.33
0.66	0.75
-0.08	2.00
-0.63	2.93
-1.50	3.71
0.63	4.96
2.75	5.33
0.65	0.76
-0.09	2.00
-0.62	2.93
-1.51	3.70
0.62	4.96
2.74	5.34
